   6.8368932e+02
   6.8789900e+02
   6.8953609e+02
   6.8972991e+02
   6.8843346e+02
   6.8750620e+02
   6.9028237e+02
   6.9511047e+02
   7.0048316e+02
   7.0057607e+02
   6.9886272e+02
   6.9839776e+02
   6.9769082e+02
   6.9955779e+02
   7.0082598e+02
   7.0393456e+02
   7.0610205e+02
   7.0845245e+02
   7.1179638e+02
   7.1954352e+02
   7.3203984e+02
   7.4162495e+02
   7.5048302e+02
   7.6111669e+02
   7.7200584e+02
   7.8100356e+02
   7.9009328e+02
   7.9849421e+02
   8.0648377e+02
   8.1626692e+02
   8.3071017e+02
   8.4644155e+02
   8.5921236e+02
   8.6669082e+02
   8.7321621e+02
   8.7709465e+02
   8.7689023e+02
   8.7046663e+02
   8.6725992e+02
   8.6056068e+02
   8.4647259e+02
   8.2665896e+02
   8.0308942e+02
   7.8335414e+02
   7.8899060e+02
   8.7204000e+02
   9.3406198e+02
   8.5286891e+02
   6.8621500e+02
   5.4945691e+02
   4.1956511e+02
   3.2076955e+02
   3.1201074e+02
   3.4854683e+02
   3.7423786e+02
   4.0188560e+02
   4.3158227e+02
   4.5557190e+02
   4.7482552e+02
   4.7642541e+02
   4.6912877e+02
   4.5579808e+02
   4.3305885e+02
   4.0938858e+02
   3.9023297e+02
   3.6143866e+02
   3.4072526e+02
   3.1606573e+02
   2.9796885e+02
   2.8496202e+02
   2.7310524e+02
   2.6640118e+02
   2.6043887e+02
   2.5693658e+02
   2.5390965e+02
   2.5270042e+02
   2.5289071e+02
   2.5400002e+02
   2.5620611e+02
   2.5757455e+02
   2.6071011e+02
   2.6407164e+02
   2.6839503e+02
   2.7158432e+02
   2.7789521e+02
   2.8145085e+02
   2.8474608e+02
   2.8612340e+02
   2.8455726e+02
   2.8001723e+02
   2.7376965e+02
   2.6266673e+02
   2.4993121e+02
   2.3521658e+02
   2.1655330e+02
   2.0191564e+02
   1.8106926e+02
   1.7230886e+02
   1.7829603e+02
   1.9122183e+02
   1.9855345e+02
   2.0948308e+02
   2.1894456e+02
   2.2539272e+02
   2.3108113e+02
   2.3284642e+02
   2.3228875e+02
   2.2852143e+02
   2.2037079e+02
   2.0992800e+02
   1.9830615e+02
   1.8617048e+02
   1.7398776e+02
   1.6079678e+02
   1.4759380e+02
   1.3604847e+02
   1.2457264e+02
   1.1408084e+02
   1.0290700e+02
   9.3870436e+01
   8.6816657e+01
   7.7880722e+01
   7.0823390e+01
   6.3584371e+01
   5.4422480e+01
   4.7814389e+01
   4.2998876e+01
   4.0558482e+01
   3.7774053e+01
   3.3981798e+01
   3.1492544e+01
   3.0225676e+01
   3.1622349e+01
   3.0813242e+01
   2.7817126e+01
   2.4888618e+01
   2.3038911e+01
   2.3666455e+01
   2.6867275e+01
   3.0028170e+01
   3.2955553e+01
   3.6007226e+01
   3.9051555e+01
   4.3256308e+01
   4.5908619e+01
   4.9142845e+01
   5.1543521e+01
   5.5810585e+01
   6.0109570e+01
   6.4349722e+01
   6.8516612e+01
   7.0866428e+01
   7.4214672e+01
   7.6108562e+01
   7.9500804e+01
   8.4059986e+01
   8.6857073e+01
   9.1540293e+01
   9.3846300e+01
   9.5945451e+01
   9.6711796e+01
   9.6883942e+01
   9.6027054e+01
   9.3883545e+01
   9.2604011e+01
   8.8930406e+01
   8.3096750e+01
   7.6607272e+01
   7.1802246e+01
   6.5842377e+01
   6.0359928e+01
   5.3544835e+01
   4.6355079e+01
   4.0723546e+01
   3.7420000e+01
   3.6393956e+01
   3.3842865e+01
   3.1675460e+01
   3.1285567e+01
   3.3535066e+01
   3.5602501e+01
   3.4392048e+01
   3.1455537e+01
   2.5390453e+01
   1.7963814e+01
   1.0918991e+01
   1.1176062e+01
   1.5029072e+01
   1.8114190e+01
   2.2852650e+01
   2.8711765e+01
   2.8445550e+01
   2.3480238e+01
   5.8836614e+00
  -5.6071361e+01
  -1.3243705e+02
  -1.6587868e+02
  -1.2432619e+02
  -3.8590491e+01
   5.5977789e+01
   1.4582796e+02
   2.3132978e+02
   2.7654154e+02
   3.1555127e+02
   3.2736447e+02
   3.2700742e+02
   3.1976779e+02
   3.0684580e+02
   2.8683307e+02
   2.6725438e+02
   2.4672950e+02
   2.2842970e+02
   2.1504464e+02
   2.1601474e+02
   2.2883593e+02
   2.4706929e+02
   2.6493166e+02
   2.8436825e+02
   3.0962276e+02
   3.2472770e+02
   3.4569290e+02
   3.6049917e+02
   3.8436198e+02
   4.0316878e+02
   4.1463970e+02
   4.2678959e+02
   4.2478138e+02
   4.1973333e+02
   4.4663710e+02
   4.7604802e+02
   4.0343239e+02
   2.5380776e+02
   1.1696029e+02
   1.2148134e+02
   1.5721191e+02
   1.6250845e+02
   1.5738668e+02
   1.4758344e+02
   1.3691383e+02
   1.2260317e+02
   1.0728486e+02
   9.5419763e+01
   8.5734810e+01
   7.9251494e+01
   6.3238830e+01
   4.0288694e+01
   1.0635745e+01
  -2.1202371e+01
  -4.5060831e+01
  -7.9826003e+01
  -1.1429937e+02
  -1.5940163e+02
  -2.0596762e+02
  -2.4771759e+02
  -3.0240936e+02
  -3.4536895e+02
  -4.0202286e+02
  -4.5645547e+02
  -5.1607179e+02
  -5.8848942e+02
  -6.4574236e+02
  -7.2103108e+02
  -8.0025295e+02
  -8.3115294e+02
  -7.0587518e+02
  -5.2573134e+02
  -3.1154599e+02
  -1.5578247e+02
   7.6499885e+00
   9.5792878e+01
   1.5212887e+02
   2.1408317e+02
   2.4310039e+02
   2.6826520e+02
   2.8182748e+02
   2.9230333e+02
   2.9717077e+02
   2.9456474e+02
   2.8776450e+02
   2.7483402e+02
   2.6362333e+02
   2.5579356e+02
   2.4231915e+02
   2.1823550e+02
   1.9650358e+02
   1.6620657e+02
   1.3476439e+02
   9.8850411e+01
   5.9325585e+01
   2.5514206e+01
  -1.4992302e+01
  -4.6909522e+01
  -7.9872982e+01
  -1.0190884e+02
  -1.1466239e+02
  -1.1658349e+02
  -1.0920920e+02
  -9.3224861e+01
  -7.6690573e+01
  -5.4592192e+01
  -3.0017972e+01
  -1.3748264e+01
   3.1846144e+00
   1.4464052e+01
   2.9929064e+01
   4.2508761e+01
   4.5229268e+01
   3.8367997e+01
   1.4662987e+01
   1.5440330e+01
   7.7910166e+01
   1.6576718e+02
   2.9078685e+02
   4.1024621e+02
   4.9997105e+02
   4.7991585e+02
   4.3081506e+02
   4.2598522e+02
   4.3150891e+02
   3.6125966e+02
   2.1107260e+02
   1.0802563e+02
   2.4820689e+02
   4.3438464e+02
   4.8394718e+02
   3.9602790e+02
   2.5815567e+02
   1.4522141e+02
   1.5128500e+01
  -1.1877633e+02
  -2.2190753e+02
  -2.9350642e+02
  -2.8472062e+02
  -2.6448978e+02
  -2.8972163e+02
  -3.2363543e+02
  -3.2979507e+02
  -3.0978465e+02
  -2.8965106e+02
  -2.9328808e+02
  -2.9988084e+02
  -2.9269610e+02
  -2.7621420e+02
  -2.7408653e+02
  -2.9019051e+02
  -3.1193205e+02
  -3.3133529e+02
  -3.4878552e+02
  -3.5074628e+02
  -3.4449056e+02
  -3.3272525e+02
  -3.0933759e+02
  -2.8730754e+02
  -2.9973101e+02
  -3.4125195e+02
  -3.6228925e+02
  -3.5117652e+02
  -3.0931018e+02
  -2.3592594e+02
  -1.4289693e+02
  -8.7022829e+01
  -5.6631382e+01
  -3.0476606e+01
  -1.2474311e+01
   1.0266833e+01
   6.7406240e+01
   1.7162894e+02
   2.4810767e+02
   2.4232152e+02
   2.5298816e+02
   3.4734373e+02
   5.0061986e+02
   6.4868931e+02
   8.2818938e+02
   1.0095318e+03
   1.1096387e+03
   1.1873834e+03
   1.2812144e+03
   1.4041615e+03
   1.5211896e+03
   1.6208473e+03
   1.7011277e+03
   1.7029566e+03
   1.6507996e+03
   1.5891118e+03
   1.5123798e+03
   1.4220364e+03
   1.3276144e+03
   1.2459982e+03
   1.2578956e+03
   1.3746279e+03
   1.5014686e+03
   1.5691777e+03
   1.6229183e+03
   1.6632573e+03
   1.6944764e+03
   1.6821063e+03
   1.6108058e+03
   1.5226102e+03
   1.4481088e+03
   1.3861799e+03
   1.4010726e+03
   1.5260317e+03
   1.6284947e+03
   1.5826098e+03
   1.4844580e+03
   1.4179686e+03
   1.3491175e+03
   1.2982593e+03
   1.2952889e+03
   1.3017217e+03
   1.2582618e+03
   1.1951126e+03
   1.1816427e+03
   1.2516967e+03
   1.2682072e+03
   1.1610604e+03
   9.9755912e+02
   7.9111081e+02
   4.7595594e+02
   1.6475474e+02
  -1.1943256e+02
  -3.8267687e+02
  -5.3070055e+02
  -6.2581312e+02
  -6.4840417e+02
  -5.7554077e+02
  -4.1982695e+02
  -2.2000320e+02
  -1.2657072e+00
   1.1039532e+02
   1.7078524e+02
   1.2048225e+02
  -1.0679531e+02
  -3.7937886e+02
  -5.0217547e+02
  -5.5332305e+02
  -5.4545196e+02
  -4.5604090e+02
  -3.5048765e+02
  -3.3813821e+02
  -3.5023422e+02
  -3.3330971e+02
  -2.9413063e+02
  -2.5654330e+02
  -2.4320118e+02
  -2.5894997e+02
  -2.9609996e+02
  -3.4697561e+02
  -4.2349725e+02
  -5.2496401e+02
  -6.4564685e+02
  -7.7124061e+02
  -9.0116872e+02
  -9.7829524e+02
  -1.0087563e+03
  -1.0091209e+03
  -9.8821460e+02
  -9.4849345e+02
  -9.1589938e+02
  -8.8448538e+02
  -8.7599328e+02
  -8.8864636e+02
  -9.1231678e+02
  -9.6505359e+02
  -1.0521402e+03
  -1.0957844e+03
  -1.0540681e+03
  -9.9362894e+02
  -9.7513070e+02
  -9.7130002e+02
  -9.6938259e+02
  -9.7218624e+02
  -9.8716673e+02
  -1.0296716e+03
  -1.0752947e+03
  -1.0917933e+03
  -1.0751246e+03
  -1.0123872e+03
  -9.5416316e+02
  -9.2608268e+02
  -9.0897515e+02
  -8.0438127e+02
  -5.1315862e+02
  -1.8715104e+02
  -7.6081523e+00
   6.7295469e+01
   5.7188874e+01
   1.1979542e+02
   1.9659449e+02
   2.6765540e+02
   3.0001917e+02
   2.1318218e+02
  -3.6720217e+00
  -3.2162079e+02
  -7.0530068e+02
  -9.3067324e+02
  -1.0277346e+03
  -1.0088459e+03
  -1.0293330e+03
  -1.0948735e+03
  -1.2365401e+03
  -1.4374103e+03
  -1.6850608e+03
  -1.9466343e+03
  -2.0674377e+03
  -2.1175233e+03
  -2.1611311e+03
  -2.1989922e+03
  -2.2435017e+03
  -2.2807302e+03
  -2.2615889e+03
  -2.2285108e+03
  -2.1742859e+03
  -2.1111334e+03
  -2.0609315e+03
  -2.0435115e+03
  -2.0101404e+03
  -1.9680834e+03
  -1.9910490e+03
  -1.9325812e+03
  -1.8358973e+03
  -1.7782628e+03
  -1.7916978e+03
  -1.7598779e+03
  -1.7197045e+03
  -1.6947204e+03
  -1.6747003e+03
  -1.6658317e+03
  -1.6658588e+03
  -1.6760536e+03
  -1.6735005e+03
  -1.6243345e+03
  -1.5516307e+03
  -1.4922542e+03
  -1.4511380e+03
  -1.4207328e+03
  -1.3878182e+03
  -1.3520023e+03
  -1.3223057e+03
  -1.2966645e+03
  -1.2723877e+03
  -1.2574836e+03
  -1.2576962e+03
  -1.2701271e+03
  -1.2897554e+03
  -1.3094575e+03
  -1.3250605e+03
  -1.3145434e+03
  -1.2831039e+03
  -1.2533911e+03
  -1.2342796e+03
  -1.2001718e+03
  -1.1738272e+03
  -1.1776623e+03
  -1.1871845e+03
  -1.1658161e+03
  -1.1399519e+03
  -1.0998346e+03
  -1.0891994e+03
  -1.0639698e+03
  -1.0128088e+03
  -9.5695696e+02
  -9.1559405e+02
  -8.9996593e+02
  -9.0819730e+02
  -9.2922140e+02
  -9.5312404e+02
  -9.6907475e+02
  -9.8595170e+02
  -1.0015014e+03
  -1.0134958e+03
  -1.0703159e+03
  -1.1631928e+03
  -1.2599115e+03
  -1.3594597e+03
  -1.4577153e+03
  -1.5488160e+03
  -1.6318041e+03
  -1.7063639e+03
  -1.7712346e+03
  -1.8232775e+03
  -1.8620244e+03
  -1.8844428e+03
  -1.9018882e+03
  -1.9268542e+03
  -1.9554096e+03
  -1.9865370e+03
  -2.0149407e+03
  -2.0372821e+03
  -2.0506315e+03
  -2.0519964e+03
  -2.0385429e+03
  -2.0129249e+03
  -1.9794699e+03
  -1.9344073e+03
  -1.8786451e+03
  -1.8140544e+03
  -1.7424488e+03
  -1.6657015e+03
  -1.5870615e+03
  -1.5107774e+03
  -1.4373972e+03
  -1.3700467e+03
  -1.3104256e+03
  -1.2593831e+03
  -1.2176619e+03
  -1.1847405e+03
  -1.1609216e+03
  -1.1432901e+03
  -1.1317852e+03
  -1.1243226e+03
  -1.1229432e+03
  -1.1310126e+03
  -1.1412139e+03
  -1.1479821e+03
  -1.1524407e+03
  -1.1540120e+03
  -1.1542338e+03
  -1.1500833e+03
  -1.1428860e+03
  -1.1368398e+03
  -1.1318779e+03
  -1.1269432e+03
  -1.1220890e+03
  -1.1195671e+03
  -1.1199481e+03
  -1.1268223e+03
  -1.1354522e+03
  -1.1438562e+03
  -1.1523122e+03
  -1.1638224e+03
  -1.1777427e+03
  -1.1927367e+03
  -1.2052726e+03
  -1.2177533e+03
  -1.2305845e+03
  -1.2462697e+03
  -1.2608725e+03
  -1.2706535e+03
  -1.2756916e+03
  -1.2752026e+03
  -1.2694454e+03
  -1.2586047e+03
  -1.2433048e+03
  -1.2248019e+03
  -1.2053582e+03
  -1.1879383e+03
  -1.1718373e+03
  -1.1589868e+03
  -1.1514585e+03
  -1.1505444e+03
  -1.1565303e+03
  -1.1685806e+03
  -1.1842423e+03
  -1.2004354e+03
  -1.2161100e+03
  -1.2291482e+03
  -1.2387524e+03
  -1.2441504e+03
  -1.2430192e+03
  -1.2343710e+03
  -1.2191081e+03
  -1.1960588e+03
  -1.1664082e+03
  -1.1317731e+03
  -1.0950027e+03
  -1.0601751e+03
  -1.0335099e+03
  -1.0196850e+03
  -1.0199027e+03
  -1.0319771e+03
  -1.0525938e+03
  -1.0774535e+03
  -1.1035410e+03
  -1.1245249e+03
  -1.1367774e+03
  -1.1397667e+03
  -1.1354636e+03
  -1.1268345e+03
  -1.1150152e+03
  -1.1019000e+03
  -1.0877463e+03
  -1.0765009e+03
  -1.0704925e+03
  -1.0719093e+03
  -1.0811171e+03
  -1.0970670e+03
  -1.1179629e+03
  -1.1423232e+03
  -1.1686872e+03
  -1.1945164e+03
  -1.2186474e+03
  -1.2415618e+03
  -1.2630753e+03
  -1.2805328e+03
  -1.2918673e+03
  -1.2979966e+03
  -1.2979974e+03
  -1.2989036e+03
  -1.2991637e+03
  -1.3002791e+03
  -1.3042030e+03
  -1.3121516e+03
  -1.3217684e+03
  -1.3258040e+03
  -1.3235138e+03
  -1.3144280e+03
  -1.3008869e+03
  -1.2820831e+03
  -1.2577400e+03
  -1.2281123e+03
  -1.1931925e+03
  -1.1528692e+03
  -1.1081379e+03
  -1.0554897e+03
  -9.9643475e+02
  -9.3507712e+02
  -8.7471603e+02
  -8.1880927e+02
  -7.7053215e+02
  -7.3061533e+02
  -6.9825496e+02
  -6.7523337e+02
  -6.5982876e+02
  -6.5170226e+02
  -6.4671557e+02
  -6.4331997e+02
  -6.4121964e+02
  -6.4204319e+02
  -6.4487260e+02
  -6.4765511e+02
  -6.5083385e+02
  -6.5681356e+02
  -6.6647860e+02
  -6.7680472e+02
  -6.8818951e+02
  -6.9478119e+02
  -6.9902880e+02
  -6.9900183e+02
  -6.9883974e+02
  -6.9748425e+02
  -6.9147036e+02
  -6.8128364e+02
  -6.6939567e+02
  -6.5784534e+02
  -6.5168035e+02
  -6.4922240e+02
  -6.4932542e+02
  -6.5000481e+02
  -6.5003521e+02
  -6.4980651e+02
  -6.4894549e+02
  -6.4881886e+02
  -6.4778442e+02
  -6.4546127e+02
  -6.3701908e+02
  -6.2479567e+02
  -6.1279043e+02
  -6.0354180e+02
  -5.9629736e+02
  -5.8621651e+02
  -5.7424223e+02
  -5.5942836e+02
  -5.4209658e+02
  -5.2740077e+02
  -5.1397103e+02
  -5.0280048e+02
  -4.9313671e+02
  -4.8956047e+02
  -4.8795370e+02
  -4.8789503e+02
  -4.8845523e+02
  -4.9136048e+02
  -4.9573213e+02
  -5.0095203e+02
  -5.0362913e+02
  -4.9520394e+02
  -4.7697573e+02
  -4.6073735e+02
  -4.4627959e+02
  -4.4376740e+02
  -4.4585841e+02
  -4.5024442e+02
  -4.5552612e+02
  -4.6691750e+02
  -4.7747346e+02
  -5.0404909e+02
  -5.4154776e+02
  -5.7903301e+02
  -6.0017978e+02
  -6.3740221e+02
  -6.7398142e+02
  -6.9124669e+02
  -6.9879145e+02
  -7.0372586e+02
  -7.0654954e+02
  -7.1225583e+02
  -7.2826270e+02
  -7.5462419e+02
  -7.6422307e+02
  -7.5670921e+02
  -7.4046719e+02
  -7.1995773e+02
  -7.0821437e+02
  -7.0742223e+02
  -7.1207470e+02
  -7.1970193e+02
  -7.1270861e+02
  -7.0751907e+02
  -6.9748119e+02
  -6.9586194e+02
  -6.9653122e+02
  -6.9642985e+02
  -6.8728419e+02
  -6.7555177e+02
  -6.6490974e+02
  -6.5243435e+02
  -6.3880947e+02
  -6.3370238e+02
  -6.3203784e+02
  -6.2746202e+02
  -6.1956182e+02
  -6.0652546e+02
  -5.9913689e+02
  -5.9287492e+02
  -5.8222862e+02
  -5.6274490e+02
  -5.5196479e+02
  -5.3715867e+02
  -5.2984382e+02
  -5.2867721e+02
  -5.3072110e+02
  -5.3580714e+02
  -5.4465315e+02
  -5.5262940e+02
  -5.6326444e+02
  -5.7494169e+02
  -5.8489238e+02
  -5.8970568e+02
  -5.9176819e+02
  -5.9071993e+02
  -5.8199501e+02
  -5.7641232e+02
  -5.6037702e+02
  -5.5089581e+02
  -5.4059568e+02
  -5.3472866e+02
  -5.2777193e+02
  -5.2082745e+02
  -5.1819515e+02
  -5.2363541e+02
  -5.3078312e+02
  -5.2766342e+02
  -5.1587076e+02
  -5.0444647e+02
  -4.9502258e+02
  -4.8757963e+02
  -4.8546099e+02
  -4.8506338e+02
  -4.8562204e+02
  -4.8646144e+02
  -4.8192301e+02
  -4.8797774e+02
  -5.0033303e+02
  -5.0710398e+02
  -5.0354300e+02
  -4.9369432e+02
  -4.9136105e+02
  -4.8277329e+02
  -4.9309433e+02
  -5.0626251e+02
  -5.3918838e+02
  -5.7098441e+02
  -6.2161001e+02
  -7.1282374e+02
  -8.2076412e+02
  -9.1538421e+02
  -1.0223361e+03
  -1.1357714e+03
  -1.2342857e+03
  -1.3003527e+03
  -1.3836984e+03
  -1.4683023e+03
  -1.5371383e+03
  -1.5888670e+03
  -1.6385830e+03
  -1.6817828e+03
  -1.7316587e+03
  -1.7731581e+03
  -1.8422501e+03
  -1.9071080e+03
  -1.9465379e+03
  -1.9714790e+03
  -2.0182565e+03
  -2.0798358e+03
  -2.1257195e+03
  -2.1663534e+03
  -2.2227695e+03
  -2.2774253e+03
  -2.3089407e+03
  -2.3141398e+03
  -2.3071801e+03
  -2.3153544e+03
  -2.3459762e+03
  -2.3901178e+03
  -2.4249267e+03
  -2.4542623e+03
  -2.4719330e+03
  -2.4945551e+03
  -2.5214620e+03
  -2.5497437e+03
  -2.5775906e+03
  -2.6210230e+03
  -2.6645903e+03
  -2.6827539e+03
  -2.6993045e+03
  -2.7187240e+03
  -2.7390568e+03
  -2.7452534e+03
  -2.7437050e+03
  -2.7371530e+03
  -2.7252433e+03
  -2.7130955e+03
  -2.7007256e+03
  -2.6883982e+03
  -2.6799656e+03
  -2.6751603e+03
  -2.6672193e+03
  -2.6676241e+03
  -2.6721383e+03
  -2.6751945e+03
  -2.6906472e+03
  -2.7096787e+03
  -2.7255825e+03
  -2.7388497e+03
  -2.7620788e+03
  -2.7825621e+03
  -2.7954668e+03
  -2.8144570e+03
  -2.8320857e+03
  -2.8558172e+03
  -2.8787230e+03
  -2.9201192e+03
  -2.9550822e+03
  -2.9757679e+03
  -2.9816073e+03
  -2.9710998e+03
  -2.9554275e+03
  -2.9491229e+03
  -2.9538490e+03
  -2.9856246e+03
  -3.0263239e+03
  -3.0566271e+03
  -3.0803362e+03
  -3.0967425e+03
  -3.0945667e+03
  -3.0876785e+03
  -3.0783885e+03
  -3.0802829e+03
  -3.0929957e+03
  -3.1106147e+03
  -3.1530146e+03
  -3.2118700e+03
  -3.2728824e+03
  -3.3061300e+03
  -3.3275650e+03
  -3.3207102e+03
  -3.2950114e+03
  -3.2799561e+03
  -3.2572325e+03
  -3.2507781e+03
  -3.2511758e+03
  -3.2541286e+03
  -3.2607341e+03
  -3.2656640e+03
  -3.2716149e+03
  -3.2812040e+03
  -3.2899454e+03
  -3.3016379e+03
  -3.3086908e+03
  -3.3194977e+03
  -3.3324109e+03
  -3.3473668e+03
  -3.3554645e+03
  -3.3708713e+03
  -3.3951993e+03
  -3.4177672e+03
  -3.4376363e+03
  -3.4641777e+03
  -3.4827473e+03
  -3.4860808e+03
  -3.4899921e+03
  -3.4848032e+03
  -3.4822774e+03
  -3.4772822e+03
  -3.4754729e+03
  -3.4700114e+03
  -3.4587628e+03
  -3.4531179e+03
  -3.8521380e+03
  -3.8521380e+03
