   0.0000000e+00
   2.1218261e+00
   4.2436149e+00
   6.3653662e+00
   8.4870799e+00
   1.0608756e+01
   1.2730394e+01
   1.4851995e+01
   1.6973557e+01
   1.9095081e+01
   2.1216567e+01
   2.3338015e+01
   2.5459424e+01
   2.7580794e+01
   2.9702126e+01
   3.1823419e+01
   3.3944673e+01
   3.6065888e+01
   3.8187064e+01
   4.0308200e+01
   4.2429297e+01
   4.4550355e+01
   4.6671373e+01
   4.8792351e+01
   5.0913289e+01
   5.3034187e+01
   5.5155045e+01
   5.7275863e+01
   5.9396641e+01
   6.1517378e+01
   6.3638074e+01
   6.5758730e+01
   6.7879345e+01
   6.9999919e+01
   7.2120452e+01
   7.4240944e+01
   7.6361395e+01
   7.8481804e+01
   8.0602172e+01
   8.2722498e+01
   8.4842782e+01
   8.6963025e+01
   8.9083226e+01
   9.1203384e+01
   9.3323501e+01
   9.5443575e+01
   9.7563606e+01
   9.9683595e+01
   1.0180354e+02
   1.0392345e+02
   1.0604331e+02
   1.0816312e+02
   1.1028290e+02
   1.1240263e+02
   1.1452232e+02
   1.1664196e+02
   1.1876156e+02
   1.2088112e+02
   1.2300064e+02
   1.2512011e+02
   1.2723953e+02
   1.2935891e+02
   1.3147825e+02
   1.3359754e+02
   1.3571679e+02
   1.3783599e+02
   1.3995515e+02
   1.4207427e+02
   1.4419334e+02
   1.4631236e+02
   1.4843134e+02
   1.5055027e+02
   1.5266916e+02
   1.5478800e+02
   1.5690680e+02
   1.5902555e+02
   1.6114426e+02
   1.6326292e+02
   1.6538153e+02
   1.6750010e+02
   1.6961862e+02
   1.7173709e+02
   1.7385552e+02
   1.7597390e+02
   1.7809224e+02
   1.8021052e+02
   1.8232876e+02
   1.8444696e+02
   1.8656510e+02
   1.8868320e+02
   1.9080125e+02
   1.9291926e+02
   1.9503721e+02
   1.9715512e+02
   1.9927298e+02
   2.0139079e+02
   2.0350856e+02
   2.0562627e+02
   2.0774394e+02
   2.0986156e+02
   2.1197913e+02
   2.1409665e+02
   2.1621412e+02
   2.1833154e+02
   2.2044892e+02
   2.2256624e+02
   2.2468352e+02
   2.2680075e+02
   2.2891792e+02
   2.3103505e+02
   2.3315213e+02
   2.3526915e+02
   2.3738613e+02
   2.3950306e+02
   2.4161994e+02
   2.4373676e+02
   2.4585354e+02
   2.4797026e+02
   2.5008694e+02
   2.5220356e+02
   2.5432014e+02
   2.5643666e+02
   2.5855313e+02
   2.6066955e+02
   2.6278592e+02
   2.6490224e+02
   2.6701850e+02
   2.6913471e+02
   2.7125088e+02
   2.7336699e+02
   2.7548304e+02
   2.7759905e+02
   2.7971500e+02
   2.8183090e+02
   2.8394675e+02
   2.8606255e+02
   2.8817829e+02
   2.9029398e+02
   2.9240962e+02
   2.9452520e+02
   2.9664073e+02
   2.9875621e+02
   3.0087163e+02
   3.0298700e+02
   3.0510232e+02
   3.0721758e+02
   3.0933279e+02
   3.1144795e+02
   3.1356305e+02
   3.1567810e+02
   3.1779309e+02
   3.1990803e+02
   3.2202291e+02
   3.2413774e+02
   3.2625251e+02
   3.2836723e+02
   3.3048190e+02
   3.3259651e+02
   3.3471106e+02
   3.3682556e+02
   3.3894000e+02
   3.4105439e+02
   3.4316872e+02
   3.4528299e+02
   3.4739721e+02
   3.4951138e+02
   3.5162549e+02
   3.5373954e+02
   3.5585353e+02
   3.5796747e+02
   3.6008135e+02
   3.6219518e+02
   3.6430895e+02
   3.6642266e+02
   3.6853631e+02
   3.7064991e+02
   3.7276345e+02
   3.7487693e+02
   3.7699035e+02
   3.7910372e+02
   3.8121703e+02
   3.8333028e+02
   3.8544348e+02
   3.8755661e+02
   3.8966969e+02
   3.9178271e+02
   3.9389567e+02
   3.9600857e+02
   3.9812141e+02
   4.0023420e+02
   4.0234692e+02
   4.0445959e+02
   4.0657220e+02
   4.0868475e+02
   4.1079724e+02
   4.1290967e+02
   4.1502204e+02
   4.1713435e+02
   4.1924660e+02
   4.2135879e+02
   4.2347092e+02
   4.2558299e+02
   4.2769500e+02
   4.2980695e+02
   4.3191884e+02
   4.3403067e+02
   4.3614243e+02
   4.3825414e+02
   4.4036579e+02
   4.4247737e+02
   4.4458890e+02
   4.4670036e+02
   4.4881176e+02
   4.5092310e+02
   4.5303438e+02
   4.5514560e+02
   4.5725675e+02
   4.5936785e+02
   4.6147888e+02
   4.6358985e+02
   4.6570075e+02
   4.6781160e+02
   4.6992238e+02
   4.7203310e+02
   4.7414376e+02
   4.7625435e+02
   4.7836488e+02
   4.8047535e+02
   4.8258575e+02
   4.8469609e+02
   4.8680637e+02
   4.8891659e+02
   4.9102674e+02
   4.9313682e+02
   4.9524685e+02
   4.9735681e+02
   4.9946670e+02
   5.0157653e+02
   5.0368630e+02
   5.0579600e+02
   5.0790564e+02
   5.1001521e+02
   5.1212472e+02
   5.1423417e+02
   5.1634354e+02
   5.1845286e+02
   5.2056211e+02
   5.2267129e+02
   5.2478041e+02
   5.2688946e+02
   5.2899845e+02
   5.3110737e+02
   5.3321622e+02
   5.3532501e+02
   5.3743373e+02
   5.3954239e+02
   5.4165098e+02
   5.4375951e+02
   5.4586796e+02
   5.4797635e+02
   5.5008468e+02
   5.5219294e+02
   5.5430113e+02
   5.5640925e+02
   5.5851731e+02
   5.6062529e+02
   5.6273322e+02
   5.6484107e+02
   5.6694886e+02
   5.6905657e+02
   5.7116422e+02
   5.7327181e+02
   5.7537932e+02
   5.7748677e+02
   5.7959415e+02
   5.8170145e+02
   5.8380870e+02
   5.8591587e+02
   5.8802297e+02
   5.9013001e+02
   5.9223697e+02
   5.9434387e+02
   5.9645070e+02
   5.9855745e+02
   6.0066414e+02
   6.0277076e+02
   6.0487731e+02
   6.0698379e+02
   6.0909020e+02
   6.1119654e+02
   6.1330281e+02
   6.1540901e+02
   6.1751514e+02
   6.1962120e+02
   6.2172719e+02
   6.2383311e+02
   6.2593895e+02
   6.2804473e+02
   6.3015044e+02
   6.3225607e+02
   6.3436163e+02
   6.3646712e+02
   6.3857254e+02
   6.4067789e+02
   6.4278317e+02
   6.4488838e+02
   6.4699351e+02
   6.4909857e+02
   6.5120356e+02
   6.5330848e+02
   6.5541332e+02
   6.5751809e+02
   6.5962279e+02
   6.6172742e+02
   6.6383198e+02
   6.6593646e+02
   6.6804087e+02
   6.7014520e+02
   6.7224946e+02
   6.7435365e+02
   6.7645777e+02
   6.7856181e+02
   6.8066578e+02
   6.8276967e+02
   6.8487350e+02
   6.8697724e+02
   6.8908092e+02
   6.9118451e+02
   6.9328804e+02
   6.9539149e+02
   6.9749487e+02
   6.9959817e+02
   7.0170139e+02
   7.0380454e+02
   7.0590762e+02
   7.0801062e+02
   7.1011355e+02
   7.1221640e+02
   7.1431917e+02
   7.1642187e+02
   7.1852450e+02
   7.2062705e+02
   7.2272952e+02
   7.2483192e+02
   7.2693424e+02
   7.2903648e+02
   7.3113865e+02
   7.3324074e+02
   7.3534276e+02
   7.3744470e+02
   7.3954656e+02
   7.4164835e+02
   7.4375006e+02
   7.4585169e+02
   7.4795324e+02
   7.5005472e+02
   7.5215612e+02
   7.5425744e+02
   7.5635869e+02
   7.5845985e+02
   7.6056094e+02
   7.6266195e+02
   7.6476289e+02
   7.6686374e+02
   7.6896452e+02
   7.7106522e+02
   7.7316584e+02
   7.7526638e+02
   7.7736684e+02
   7.7946723e+02
   7.8156753e+02
   7.8366776e+02
   7.8576790e+02
   7.8786797e+02
   7.8996796e+02
   7.9206787e+02
   7.9416770e+02
   7.9626745e+02
   7.9836712e+02
   8.0046671e+02
   8.0256622e+02
   8.0466565e+02
   8.0676500e+02
   8.0886427e+02
   8.1096346e+02
   8.1306257e+02
   8.1516160e+02
   8.1726054e+02
   8.1935941e+02
   8.2145820e+02
   8.2355690e+02
   8.2565552e+02
   8.2775407e+02
   8.2985253e+02
   8.3195091e+02
   8.3404920e+02
   8.3614742e+02
   8.3824555e+02
   8.4034361e+02
   8.4244157e+02
   8.4453946e+02
   8.4663727e+02
   8.4873499e+02
   8.5083263e+02
   8.5293019e+02
   8.5502767e+02
   8.5712506e+02
   8.5922237e+02
   8.6131959e+02
   8.6341674e+02
   8.6551380e+02
   8.6761078e+02
   8.6970767e+02
   8.7180448e+02
   8.7390121e+02
   8.7599785e+02
   8.7809441e+02
   8.8019088e+02
   8.8228727e+02
   8.8438358e+02
   8.8647980e+02
   8.8857594e+02
   8.9067199e+02
   8.9276796e+02
   8.9486384e+02
   8.9695964e+02
   8.9905535e+02
   9.0115098e+02
   9.0324653e+02
   9.0534199e+02
   9.0743736e+02
   9.0953265e+02
   9.1162785e+02
   9.1372296e+02
   9.1581799e+02
   9.1791294e+02
   9.2000780e+02
   9.2210257e+02
   9.2419725e+02
   9.2629185e+02
   9.2838637e+02
   9.3048079e+02
   9.3257513e+02
   9.3466939e+02
   9.3676355e+02
   9.3885763e+02
   9.4095162e+02
   9.4304553e+02
   9.4513934e+02
   9.4723307e+02
   9.4932672e+02
   9.5142027e+02
   9.5351374e+02
   9.5560712e+02
   9.5770041e+02
   9.5979361e+02
   9.6188673e+02
   9.6397975e+02
   9.6607269e+02
   9.6816554e+02
   9.7025830e+02
   9.7235098e+02
   9.7444356e+02
   9.7653605e+02
   9.7862846e+02
   9.8072078e+02
   9.8281300e+02
   9.8490514e+02
   9.8699719e+02
   9.8908915e+02
   9.9118102e+02
   9.9327280e+02
   9.9536449e+02
   9.9745609e+02
   9.9954760e+02
   1.0016390e+03
   1.0037303e+03
   1.0058216e+03
   1.0079127e+03
   1.0100038e+03
   1.0120948e+03
   1.0141856e+03
   1.0162764e+03
   1.0183671e+03
   1.0204577e+03
   1.0225482e+03
   1.0246386e+03
   1.0267290e+03
   1.0288192e+03
   1.0309094e+03
   1.0329994e+03
   1.0350894e+03
   1.0371792e+03
   1.0392690e+03
   1.0413587e+03
   1.0434483e+03
   1.0455378e+03
   1.0476272e+03
   1.0497165e+03
   1.0518057e+03
   1.0538949e+03
   1.0559839e+03
   1.0580728e+03
   1.0601617e+03
   1.0622505e+03
   1.0643391e+03
   1.0664277e+03
   1.0685162e+03
   1.0706045e+03
   1.0726928e+03
   1.0747810e+03
   1.0768691e+03
   1.0789571e+03
   1.0810451e+03
   1.0831329e+03
   1.0852206e+03
   1.0873082e+03
   1.0893958e+03
   1.0914832e+03
   1.0935705e+03
   1.0956578e+03
   1.0977450e+03
   1.0998320e+03
   1.1019190e+03
   1.1040058e+03
   1.1060926e+03
   1.1081793e+03
   1.1102659e+03
   1.1123524e+03
   1.1144388e+03
   1.1165251e+03
   1.1186113e+03
   1.1206974e+03
   1.1227834e+03
   1.1248693e+03
   1.1269551e+03
   1.1290408e+03
   1.1311264e+03
   1.1332119e+03
   1.1352974e+03
   1.1373827e+03
   1.1394679e+03
   1.1415531e+03
   1.1436381e+03
   1.1457230e+03
   1.1478079e+03
   1.1498926e+03
   1.1519773e+03
   1.1540618e+03
   1.1561463e+03
   1.1582306e+03
   1.1603149e+03
   1.1623990e+03
   1.1644831e+03
   1.1665671e+03
   1.1686509e+03
   1.1707347e+03
   1.1728183e+03
   1.1749019e+03
   1.1769854e+03
   1.1790687e+03
   1.1811520e+03
   1.1832352e+03
   1.1853182e+03
   1.1874012e+03
   1.1894841e+03
   1.1915668e+03
   1.1936495e+03
   1.1957321e+03
   1.1978145e+03
   1.1998969e+03
   1.2019792e+03
   1.2040614e+03
   1.2061434e+03
   1.2082254e+03
   1.2103073e+03
   1.2123890e+03
   1.2144707e+03
   1.2165522e+03
   1.2186337e+03
   1.2207151e+03
   1.2227963e+03
   1.2248775e+03
   1.2269585e+03
   1.2290395e+03
   1.2311204e+03
   1.2332011e+03
   1.2352818e+03
   1.2373623e+03
   1.2394428e+03
   1.2415231e+03
   1.2436033e+03
   1.2456835e+03
   1.2477635e+03
   1.2498434e+03
   1.2519233e+03
   1.2540030e+03
   1.2560826e+03
   1.2581622e+03
   1.2602416e+03
   1.2623209e+03
   1.2644001e+03
   1.2664792e+03
   1.2685582e+03
   1.2706371e+03
   1.2727159e+03
   1.2747946e+03
   1.2768732e+03
   1.2789517e+03
   1.2810301e+03
   1.2831083e+03
   1.2851865e+03
   1.2872646e+03
   1.2893425e+03
   1.2914204e+03
   1.2934982e+03
   1.2955758e+03
   1.2976534e+03
   1.2997308e+03
   1.3018081e+03
   1.3038854e+03
   1.3059625e+03
   1.3080395e+03
   1.3101164e+03
   1.3121932e+03
   1.3142699e+03
   1.3163465e+03
   1.3184230e+03
   1.3204994e+03
   1.3225757e+03
   1.3246518e+03
   1.3267279e+03
   1.3288038e+03
   1.3308797e+03
   1.3329554e+03
   1.3350311e+03
   1.3371066e+03
   1.3391820e+03
   1.3412573e+03
   1.3433326e+03
   1.3454077e+03
   1.3474826e+03
   1.3495575e+03
   1.3516323e+03
   1.3537070e+03
   1.3557815e+03
   1.3578560e+03
   1.3599303e+03
   1.3620046e+03
   1.3640787e+03
   1.3661527e+03
   1.3682267e+03
   1.3703005e+03
   1.3723742e+03
   1.3744477e+03
   1.3765212e+03
   1.3785946e+03
   1.3806678e+03
   1.3827410e+03
   1.3848140e+03
   1.3868870e+03
   1.3889598e+03
   1.3910325e+03
   1.3931051e+03
   1.3951776e+03
   1.3972500e+03
   1.3993223e+03
   1.4013944e+03
   1.4034665e+03
   1.4055384e+03
   1.4076103e+03
   1.4096820e+03
   1.4117536e+03
   1.4138251e+03
   1.4158965e+03
   1.4179678e+03
   1.4200389e+03
   1.4221100e+03
   1.4241810e+03
   1.4262518e+03
   1.4283225e+03
   1.4303931e+03
   1.4324636e+03
   1.4345340e+03
   1.4366043e+03
   1.4386745e+03
   1.4407445e+03
   1.4428145e+03
   1.4448843e+03
   1.4469540e+03
   1.4490236e+03
   1.4510931e+03
   1.4531625e+03
   1.4552317e+03
   1.4573009e+03
   1.4593699e+03
   1.4614389e+03
   1.4635077e+03
   1.4655764e+03
   1.4676450e+03
   1.4697135e+03
   1.4717818e+03
   1.4738501e+03
   1.4759182e+03
   1.4779862e+03
   1.4800541e+03
   1.4821219e+03
   1.4841896e+03
   1.4862572e+03
   1.4883246e+03
   1.4903920e+03
   1.4924592e+03
   1.4945263e+03
   1.4965933e+03
   1.4986602e+03
   1.5007269e+03
   1.5027936e+03
   1.5048601e+03
   1.5069265e+03
   1.5089928e+03
   1.5110590e+03
   1.5131251e+03
   1.5151911e+03
   1.5172569e+03
   1.5193226e+03
   1.5213882e+03
   1.5234537e+03
   1.5255191e+03
   1.5275844e+03
   1.5296495e+03
   1.5317145e+03
   1.5337794e+03
   1.5358442e+03
   1.5379089e+03
   1.5399735e+03
   1.5420379e+03
   1.5441023e+03
   1.5461665e+03
   1.5482306e+03
   1.5502945e+03
   1.5523584e+03
   1.5544222e+03
   1.5564858e+03
   1.5585493e+03
   1.5606127e+03
   1.5626759e+03
   1.5647391e+03
   1.5668021e+03
   1.5688651e+03
   1.5709279e+03
   1.5729905e+03
   1.5750531e+03
   1.5771155e+03
   1.5791779e+03
   1.5812401e+03
   1.5833022e+03
   1.5853641e+03
   1.5874260e+03
   1.5894877e+03
   1.5915493e+03
   1.5936108e+03
   1.5956722e+03
   1.5977335e+03
   1.5997946e+03
   1.6018556e+03
   1.6039165e+03
   1.6059773e+03
   1.6080379e+03
   1.6100985e+03
   1.6121589e+03
   1.6142192e+03
   1.6162794e+03
   1.6183394e+03
   1.6203994e+03
   1.6224592e+03
   1.6245189e+03
   1.6265784e+03
   1.6286379e+03
   1.6306972e+03
   1.6327564e+03
   1.6348155e+03
   1.6368745e+03
   1.6389333e+03
   1.6409921e+03
   1.6430507e+03
   1.6451091e+03
   1.6471675e+03
   1.6492257e+03
   1.6512838e+03
   1.6533418e+03
   1.6553997e+03
   1.6574575e+03
   1.6595151e+03
   1.6615726e+03
   1.6636300e+03
   1.6656872e+03
   1.6677444e+03
   1.6698014e+03
   1.6718583e+03
   1.6739150e+03
   1.6759717e+03
   1.6780282e+03
   1.6800846e+03
   1.6821409e+03
   1.6841970e+03
   1.6862531e+03
   1.6883090e+03
   1.6903647e+03
   1.6924204e+03
   1.6944759e+03
   1.6965313e+03
   1.6985866e+03
   1.7006418e+03
   1.7026968e+03
   1.7047517e+03
   1.7068065e+03
   1.7088612e+03
   1.7109157e+03
   1.7129701e+03
   1.7150244e+03
   1.7170786e+03
   1.7191326e+03
   1.7211865e+03
   1.7232403e+03
   1.7252940e+03
   1.7273475e+03
   1.7294009e+03
   1.7314542e+03
   1.7335073e+03
   1.7355604e+03
   1.7376133e+03
   1.7396661e+03
   1.7417187e+03
   1.7437712e+03
   1.7458236e+03
   1.7478759e+03
   1.7499281e+03
   1.7519801e+03
   1.7540320e+03
   1.7560838e+03
   1.7581354e+03
   1.7601869e+03
   1.7622383e+03
   1.7642896e+03
   1.7663407e+03
   1.7683917e+03
   1.7704426e+03
   1.7724933e+03
   1.7745439e+03
   1.7765944e+03
   1.7786448e+03
   1.7806950e+03
   1.7827452e+03
   1.7847951e+03
   1.7868450e+03
   1.7888947e+03
   1.7909443e+03
   1.7929938e+03
   1.7950431e+03
   1.7970923e+03
   1.7991414e+03
   1.8011904e+03
   1.8032392e+03
   1.8052879e+03
   1.8073365e+03
   1.8093849e+03
   1.8114332e+03
   1.8134814e+03
   1.8155294e+03
   1.8175774e+03
   1.8196252e+03
   1.8216728e+03
   1.8237203e+03
   1.8257677e+03
   1.8278150e+03
   1.8298622e+03
   1.8319092e+03
   1.8339560e+03
   1.8360028e+03
   1.8380494e+03
   1.8400959e+03
   1.8421423e+03
   1.8441885e+03
   1.8462346e+03
   1.8482805e+03
   1.8503264e+03
   1.8523721e+03
   1.8544176e+03
   1.8564631e+03
   1.8585084e+03
   1.8605536e+03
   1.8625986e+03
   1.8646435e+03
   1.8666883e+03
   1.8687330e+03
   1.8707775e+03
   1.8728219e+03
   1.8748661e+03
   1.8769102e+03
   1.8789542e+03
   1.8809981e+03
   1.8830418e+03
   1.8850854e+03
   1.8871288e+03
   1.8891722e+03
   1.8912154e+03
   1.8932584e+03
   1.8953013e+03
   1.8973441e+03
   1.8993868e+03
   1.9014293e+03
   1.9034717e+03
   1.9055140e+03
   1.9075561e+03
   1.9095981e+03
   1.9116399e+03
   1.9136817e+03
   1.9157233e+03
   1.9177647e+03
   1.9198060e+03
   1.9218472e+03
   1.9238883e+03
   1.9259292e+03
   1.9279700e+03
   1.9300106e+03
   1.9320511e+03
   1.9340915e+03
   1.9361317e+03
   1.9381719e+03
   1.9402118e+03
   1.9422517e+03
   1.9442914e+03
   1.9463309e+03
   1.9483704e+03
   1.9504097e+03
   1.9524488e+03
   1.9544878e+03
   1.9565267e+03
   1.9585655e+03
   1.9606041e+03
   1.9626426e+03
   1.9646809e+03
   1.9667191e+03
   1.9687572e+03
   1.9707951e+03
   1.9728329e+03
   1.9748706e+03
   1.9769081e+03
   1.9789455e+03
   1.9809828e+03
   1.9830199e+03
   1.9850568e+03
   1.9870937e+03
   1.9891304e+03
   1.9911670e+03
   1.9932034e+03
   1.9952397e+03
   1.9972758e+03
   1.9993118e+03
   2.0013477e+03
   2.0033834e+03
   2.0054190e+03
   2.0074545e+03
   2.0094898e+03
   2.0115250e+03
   2.0135601e+03
   2.0155950e+03
   2.0176297e+03
   2.0196644e+03
   2.0216989e+03
   2.0237332e+03
   2.0257674e+03
   2.0278015e+03
   2.0298354e+03
   2.0318692e+03
   2.0339029e+03
   2.0359364e+03
   2.0379698e+03
   2.0400030e+03
   2.0420361e+03
   2.0440691e+03
   2.0461019e+03
   2.0481346e+03
   2.0501671e+03
   2.0521995e+03
   2.0542318e+03
   2.0562639e+03
   2.0582959e+03
   2.0603277e+03
   2.0623594e+03
   2.0643910e+03
   2.0664224e+03
   2.0684537e+03
   2.0704848e+03
   2.0725158e+03
   2.0745467e+03
   2.0765774e+03
   2.0786080e+03
   2.0806384e+03
   2.0826687e+03
   2.0826687e+03
   2.0806384e+03
   2.0786080e+03
   2.0765774e+03
   2.0745467e+03
   2.0725158e+03
   2.0704848e+03
   2.0684537e+03
   2.0664224e+03
   2.0643910e+03
   2.0623594e+03
   2.0603277e+03
   2.0582959e+03
   2.0562639e+03
   2.0542318e+03
   2.0521995e+03
   2.0501671e+03
   2.0481346e+03
   2.0461019e+03
   2.0440691e+03
   2.0420361e+03
   2.0400030e+03
   2.0379698e+03
   2.0359364e+03
   2.0339029e+03
   2.0318692e+03
   2.0298354e+03
   2.0278015e+03
   2.0257674e+03
   2.0237332e+03
   2.0216989e+03
   2.0196644e+03
   2.0176297e+03
   2.0155950e+03
   2.0135601e+03
   2.0115250e+03
   2.0094898e+03
   2.0074545e+03
   2.0054190e+03
   2.0033834e+03
   2.0013477e+03
   1.9993118e+03
   1.9972758e+03
   1.9952397e+03
   1.9932034e+03
   1.9911670e+03
   1.9891304e+03
   1.9870937e+03
   1.9850568e+03
   1.9830199e+03
   1.9809828e+03
   1.9789455e+03
   1.9769081e+03
   1.9748706e+03
   1.9728329e+03
   1.9707951e+03
   1.9687572e+03
   1.9667191e+03
   1.9646809e+03
   1.9626426e+03
   1.9606041e+03
   1.9585655e+03
   1.9565267e+03
   1.9544878e+03
   1.9524488e+03
   1.9504097e+03
   1.9483704e+03
   1.9463309e+03
   1.9442914e+03
   1.9422517e+03
   1.9402118e+03
   1.9381719e+03
   1.9361317e+03
   1.9340915e+03
   1.9320511e+03
   1.9300106e+03
   1.9279700e+03
   1.9259292e+03
   1.9238883e+03
   1.9218472e+03
   1.9198060e+03
   1.9177647e+03
   1.9157233e+03
   1.9136817e+03
   1.9116399e+03
   1.9095981e+03
   1.9075561e+03
   1.9055140e+03
   1.9034717e+03
   1.9014293e+03
   1.8993868e+03
   1.8973441e+03
   1.8953013e+03
   1.8932584e+03
   1.8912154e+03
   1.8891722e+03
   1.8871288e+03
   1.8850854e+03
   1.8830418e+03
   1.8809981e+03
   1.8789542e+03
   1.8769102e+03
   1.8748661e+03
   1.8728219e+03
   1.8707775e+03
   1.8687330e+03
   1.8666883e+03
   1.8646435e+03
   1.8625986e+03
   1.8605536e+03
   1.8585084e+03
   1.8564631e+03
   1.8544176e+03
   1.8523721e+03
   1.8503264e+03
   1.8482805e+03
   1.8462346e+03
   1.8441885e+03
   1.8421423e+03
   1.8400959e+03
   1.8380494e+03
   1.8360028e+03
   1.8339560e+03
   1.8319092e+03
   1.8298622e+03
   1.8278150e+03
   1.8257677e+03
   1.8237203e+03
   1.8216728e+03
   1.8196252e+03
   1.8175774e+03
   1.8155294e+03
   1.8134814e+03
   1.8114332e+03
   1.8093849e+03
   1.8073365e+03
   1.8052879e+03
   1.8032392e+03
   1.8011904e+03
   1.7991414e+03
   1.7970923e+03
   1.7950431e+03
   1.7929938e+03
   1.7909443e+03
   1.7888947e+03
   1.7868450e+03
   1.7847951e+03
   1.7827452e+03
   1.7806950e+03
   1.7786448e+03
   1.7765944e+03
   1.7745439e+03
   1.7724933e+03
   1.7704426e+03
   1.7683917e+03
   1.7663407e+03
   1.7642896e+03
   1.7622383e+03
   1.7601869e+03
   1.7581354e+03
   1.7560838e+03
   1.7540320e+03
   1.7519801e+03
   1.7499281e+03
   1.7478759e+03
   1.7458236e+03
   1.7437712e+03
   1.7417187e+03
   1.7396661e+03
   1.7376133e+03
   1.7355604e+03
   1.7335073e+03
   1.7314542e+03
   1.7294009e+03
   1.7273475e+03
   1.7252940e+03
   1.7232403e+03
   1.7211865e+03
   1.7191326e+03
   1.7170786e+03
   1.7150244e+03
   1.7129701e+03
   1.7109157e+03
   1.7088612e+03
   1.7068065e+03
   1.7047517e+03
   1.7026968e+03
   1.7006418e+03
   1.6985866e+03
   1.6965313e+03
   1.6944759e+03
   1.6924204e+03
   1.6903647e+03
   1.6883090e+03
   1.6862531e+03
   1.6841970e+03
   1.6821409e+03
   1.6800846e+03
   1.6780282e+03
   1.6759717e+03
   1.6739150e+03
   1.6718583e+03
   1.6698014e+03
   1.6677444e+03
   1.6656872e+03
   1.6636300e+03
   1.6615726e+03
   1.6595151e+03
   1.6574575e+03
   1.6553997e+03
   1.6533418e+03
   1.6512838e+03
   1.6492257e+03
   1.6471675e+03
   1.6451091e+03
   1.6430507e+03
   1.6409921e+03
   1.6389333e+03
   1.6368745e+03
   1.6348155e+03
   1.6327564e+03
   1.6306972e+03
   1.6286379e+03
   1.6265784e+03
   1.6245189e+03
   1.6224592e+03
   1.6203994e+03
   1.6183394e+03
   1.6162794e+03
   1.6142192e+03
   1.6121589e+03
   1.6100985e+03
   1.6080379e+03
   1.6059773e+03
   1.6039165e+03
   1.6018556e+03
   1.5997946e+03
   1.5977335e+03
   1.5956722e+03
   1.5936108e+03
   1.5915493e+03
   1.5894877e+03
   1.5874260e+03
   1.5853641e+03
   1.5833022e+03
   1.5812401e+03
   1.5791779e+03
   1.5771155e+03
   1.5750531e+03
   1.5729905e+03
   1.5709279e+03
   1.5688651e+03
   1.5668021e+03
   1.5647391e+03
   1.5626759e+03
   1.5606127e+03
   1.5585493e+03
   1.5564858e+03
   1.5544222e+03
   1.5523584e+03
   1.5502945e+03
   1.5482306e+03
   1.5461665e+03
   1.5441023e+03
   1.5420379e+03
   1.5399735e+03
   1.5379089e+03
   1.5358442e+03
   1.5337794e+03
   1.5317145e+03
   1.5296495e+03
   1.5275844e+03
   1.5255191e+03
   1.5234537e+03
   1.5213882e+03
   1.5193226e+03
   1.5172569e+03
   1.5151911e+03
   1.5131251e+03
   1.5110590e+03
   1.5089928e+03
   1.5069265e+03
   1.5048601e+03
   1.5027936e+03
   1.5007269e+03
   1.4986602e+03
   1.4965933e+03
   1.4945263e+03
   1.4924592e+03
   1.4903920e+03
   1.4883246e+03
   1.4862572e+03
   1.4841896e+03
   1.4821219e+03
   1.4800541e+03
   1.4779862e+03
   1.4759182e+03
   1.4738501e+03
   1.4717818e+03
   1.4697135e+03
   1.4676450e+03
   1.4655764e+03
   1.4635077e+03
   1.4614389e+03
   1.4593699e+03
   1.4573009e+03
   1.4552317e+03
   1.4531625e+03
   1.4510931e+03
   1.4490236e+03
   1.4469540e+03
   1.4448843e+03
   1.4428145e+03
   1.4407445e+03
   1.4386745e+03
   1.4366043e+03
   1.4345340e+03
   1.4324636e+03
   1.4303931e+03
   1.4283225e+03
   1.4262518e+03
   1.4241810e+03
   1.4221100e+03
   1.4200389e+03
   1.4179678e+03
   1.4158965e+03
   1.4138251e+03
   1.4117536e+03
   1.4096820e+03
   1.4076103e+03
   1.4055384e+03
   1.4034665e+03
   1.4013944e+03
   1.3993223e+03
   1.3972500e+03
   1.3951776e+03
   1.3931051e+03
   1.3910325e+03
   1.3889598e+03
   1.3868870e+03
   1.3848140e+03
   1.3827410e+03
   1.3806678e+03
   1.3785946e+03
   1.3765212e+03
   1.3744477e+03
   1.3723742e+03
   1.3703005e+03
   1.3682267e+03
   1.3661527e+03
   1.3640787e+03
   1.3620046e+03
   1.3599303e+03
   1.3578560e+03
   1.3557815e+03
   1.3537070e+03
   1.3516323e+03
   1.3495575e+03
   1.3474826e+03
   1.3454077e+03
   1.3433326e+03
   1.3412573e+03
   1.3391820e+03
   1.3371066e+03
   1.3350311e+03
   1.3329554e+03
   1.3308797e+03
   1.3288038e+03
   1.3267279e+03
   1.3246518e+03
   1.3225757e+03
   1.3204994e+03
   1.3184230e+03
   1.3163465e+03
   1.3142699e+03
   1.3121932e+03
   1.3101164e+03
   1.3080395e+03
   1.3059625e+03
   1.3038854e+03
   1.3018081e+03
   1.2997308e+03
   1.2976534e+03
   1.2955758e+03
   1.2934982e+03
   1.2914204e+03
   1.2893425e+03
   1.2872646e+03
   1.2851865e+03
   1.2831083e+03
   1.2810301e+03
   1.2789517e+03
   1.2768732e+03
   1.2747946e+03
   1.2727159e+03
   1.2706371e+03
   1.2685582e+03
   1.2664792e+03
   1.2644001e+03
   1.2623209e+03
   1.2602416e+03
   1.2581622e+03
   1.2560826e+03
   1.2540030e+03
   1.2519233e+03
   1.2498434e+03
   1.2477635e+03
   1.2456835e+03
   1.2436033e+03
   1.2415231e+03
   1.2394428e+03
   1.2373623e+03
   1.2352818e+03
   1.2332011e+03
   1.2311204e+03
   1.2290395e+03
   1.2269585e+03
   1.2248775e+03
   1.2227963e+03
   1.2207151e+03
   1.2186337e+03
   1.2165522e+03
   1.2144707e+03
   1.2123890e+03
   1.2103073e+03
   1.2082254e+03
   1.2061434e+03
   1.2040614e+03
   1.2019792e+03
   1.1998969e+03
   1.1978145e+03
   1.1957321e+03
   1.1936495e+03
   1.1915668e+03
   1.1894841e+03
   1.1874012e+03
   1.1853182e+03
   1.1832352e+03
   1.1811520e+03
   1.1790687e+03
   1.1769854e+03
   1.1749019e+03
   1.1728183e+03
   1.1707347e+03
   1.1686509e+03
   1.1665671e+03
   1.1644831e+03
   1.1623990e+03
   1.1603149e+03
   1.1582306e+03
   1.1561463e+03
   1.1540618e+03
   1.1519773e+03
   1.1498926e+03
   1.1478079e+03
   1.1457230e+03
   1.1436381e+03
   1.1415531e+03
   1.1394679e+03
   1.1373827e+03
   1.1352974e+03
   1.1332119e+03
   1.1311264e+03
   1.1290408e+03
   1.1269551e+03
   1.1248693e+03
   1.1227834e+03
   1.1206974e+03
   1.1186113e+03
   1.1165251e+03
   1.1144388e+03
   1.1123524e+03
   1.1102659e+03
   1.1081793e+03
   1.1060926e+03
   1.1040058e+03
   1.1019190e+03
   1.0998320e+03
   1.0977450e+03
   1.0956578e+03
   1.0935705e+03
   1.0914832e+03
   1.0893958e+03
   1.0873082e+03
   1.0852206e+03
   1.0831329e+03
   1.0810451e+03
   1.0789571e+03
   1.0768691e+03
   1.0747810e+03
   1.0726928e+03
   1.0706045e+03
   1.0685162e+03
   1.0664277e+03
   1.0643391e+03
   1.0622505e+03
   1.0601617e+03
   1.0580728e+03
   1.0559839e+03
   1.0538949e+03
   1.0518057e+03
   1.0497165e+03
   1.0476272e+03
   1.0455378e+03
   1.0434483e+03
   1.0413587e+03
   1.0392690e+03
   1.0371792e+03
   1.0350894e+03
   1.0329994e+03
   1.0309094e+03
   1.0288192e+03
   1.0267290e+03
   1.0246386e+03
   1.0225482e+03
   1.0204577e+03
   1.0183671e+03
   1.0162764e+03
   1.0141856e+03
   1.0120948e+03
   1.0100038e+03
   1.0079127e+03
   1.0058216e+03
   1.0037303e+03
   1.0016390e+03
   9.9954760e+02
   9.9745609e+02
   9.9536449e+02
   9.9327280e+02
   9.9118102e+02
   9.8908915e+02
   9.8699719e+02
   9.8490514e+02
   9.8281300e+02
   9.8072078e+02
   9.7862846e+02
   9.7653605e+02
   9.7444356e+02
   9.7235098e+02
   9.7025830e+02
   9.6816554e+02
   9.6607269e+02
   9.6397975e+02
   9.6188673e+02
   9.5979361e+02
   9.5770041e+02
   9.5560712e+02
   9.5351374e+02
   9.5142027e+02
   9.4932672e+02
   9.4723307e+02
   9.4513934e+02
   9.4304553e+02
   9.4095162e+02
   9.3885763e+02
   9.3676355e+02
   9.3466939e+02
   9.3257513e+02
   9.3048079e+02
   9.2838637e+02
   9.2629185e+02
   9.2419725e+02
   9.2210257e+02
   9.2000780e+02
   9.1791294e+02
   9.1581799e+02
   9.1372296e+02
   9.1162785e+02
   9.0953265e+02
   9.0743736e+02
   9.0534199e+02
   9.0324653e+02
   9.0115098e+02
   8.9905535e+02
   8.9695964e+02
   8.9486384e+02
   8.9276796e+02
   8.9067199e+02
   8.8857594e+02
   8.8647980e+02
   8.8438358e+02
   8.8228727e+02
   8.8019088e+02
   8.7809441e+02
   8.7599785e+02
   8.7390121e+02
   8.7180448e+02
   8.6970767e+02
   8.6761078e+02
   8.6551380e+02
   8.6341674e+02
   8.6131959e+02
   8.5922237e+02
   8.5712506e+02
   8.5502767e+02
   8.5293019e+02
   8.5083263e+02
   8.4873499e+02
   8.4663727e+02
   8.4453946e+02
   8.4244157e+02
   8.4034361e+02
   8.3824555e+02
   8.3614742e+02
   8.3404920e+02
   8.3195091e+02
   8.2985253e+02
   8.2775407e+02
   8.2565552e+02
   8.2355690e+02
   8.2145820e+02
   8.1935941e+02
   8.1726054e+02
   8.1516160e+02
   8.1306257e+02
   8.1096346e+02
   8.0886427e+02
   8.0676500e+02
   8.0466565e+02
   8.0256622e+02
   8.0046671e+02
   7.9836712e+02
   7.9626745e+02
   7.9416770e+02
   7.9206787e+02
   7.8996796e+02
   7.8786797e+02
   7.8576790e+02
   7.8366776e+02
   7.8156753e+02
   7.7946723e+02
   7.7736684e+02
   7.7526638e+02
   7.7316584e+02
   7.7106522e+02
   7.6896452e+02
   7.6686374e+02
   7.6476289e+02
   7.6266195e+02
   7.6056094e+02
   7.5845985e+02
   7.5635869e+02
   7.5425744e+02
   7.5215612e+02
   7.5005472e+02
   7.4795324e+02
   7.4585169e+02
   7.4375006e+02
   7.4164835e+02
   7.3954656e+02
   7.3744470e+02
   7.3534276e+02
   7.3324074e+02
   7.3113865e+02
   7.2903648e+02
   7.2693424e+02
   7.2483192e+02
   7.2272952e+02
   7.2062705e+02
   7.1852450e+02
   7.1642187e+02
   7.1431917e+02
   7.1221640e+02
   7.1011355e+02
   7.0801062e+02
   7.0590762e+02
   7.0380454e+02
   7.0170139e+02
   6.9959817e+02
   6.9749487e+02
   6.9539149e+02
   6.9328804e+02
   6.9118451e+02
   6.8908092e+02
   6.8697724e+02
   6.8487350e+02
   6.8276967e+02
   6.8066578e+02
   6.7856181e+02
   6.7645777e+02
   6.7435365e+02
   6.7224946e+02
   6.7014520e+02
   6.6804087e+02
   6.6593646e+02
   6.6383198e+02
   6.6172742e+02
   6.5962279e+02
   6.5751809e+02
   6.5541332e+02
   6.5330848e+02
   6.5120356e+02
   6.4909857e+02
   6.4699351e+02
   6.4488838e+02
   6.4278317e+02
   6.4067789e+02
   6.3857254e+02
   6.3646712e+02
   6.3436163e+02
   6.3225607e+02
   6.3015044e+02
   6.2804473e+02
   6.2593895e+02
   6.2383311e+02
   6.2172719e+02
   6.1962120e+02
   6.1751514e+02
   6.1540901e+02
   6.1330281e+02
   6.1119654e+02
   6.0909020e+02
   6.0698379e+02
   6.0487731e+02
   6.0277076e+02
   6.0066414e+02
   5.9855745e+02
   5.9645070e+02
   5.9434387e+02
   5.9223697e+02
   5.9013001e+02
   5.8802297e+02
   5.8591587e+02
   5.8380870e+02
   5.8170145e+02
   5.7959415e+02
   5.7748677e+02
   5.7537932e+02
   5.7327181e+02
   5.7116422e+02
   5.6905657e+02
   5.6694886e+02
   5.6484107e+02
   5.6273322e+02
   5.6062529e+02
   5.5851731e+02
   5.5640925e+02
   5.5430113e+02
   5.5219294e+02
   5.5008468e+02
   5.4797635e+02
   5.4586796e+02
   5.4375951e+02
   5.4165098e+02
   5.3954239e+02
   5.3743373e+02
   5.3532501e+02
   5.3321622e+02
   5.3110737e+02
   5.2899845e+02
   5.2688946e+02
   5.2478041e+02
   5.2267129e+02
   5.2056211e+02
   5.1845286e+02
   5.1634354e+02
   5.1423417e+02
   5.1212472e+02
   5.1001521e+02
   5.0790564e+02
   5.0579600e+02
   5.0368630e+02
   5.0157653e+02
   4.9946670e+02
   4.9735681e+02
   4.9524685e+02
   4.9313682e+02
   4.9102674e+02
   4.8891659e+02
   4.8680637e+02
   4.8469609e+02
   4.8258575e+02
   4.8047535e+02
   4.7836488e+02
   4.7625435e+02
   4.7414376e+02
   4.7203310e+02
   4.6992238e+02
   4.6781160e+02
   4.6570075e+02
   4.6358985e+02
   4.6147888e+02
   4.5936785e+02
   4.5725675e+02
   4.5514560e+02
   4.5303438e+02
   4.5092310e+02
   4.4881176e+02
   4.4670036e+02
   4.4458890e+02
   4.4247737e+02
   4.4036579e+02
   4.3825414e+02
   4.3614243e+02
   4.3403067e+02
   4.3191884e+02
   4.2980695e+02
   4.2769500e+02
   4.2558299e+02
   4.2347092e+02
   4.2135879e+02
   4.1924660e+02
   4.1713435e+02
   4.1502204e+02
   4.1290967e+02
   4.1079724e+02
   4.0868475e+02
   4.0657220e+02
   4.0445959e+02
   4.0234692e+02
   4.0023420e+02
   3.9812141e+02
   3.9600857e+02
   3.9389567e+02
   3.9178271e+02
   3.8966969e+02
   3.8755661e+02
   3.8544348e+02
   3.8333028e+02
   3.8121703e+02
   3.7910372e+02
   3.7699035e+02
   3.7487693e+02
   3.7276345e+02
   3.7064991e+02
   3.6853631e+02
   3.6642266e+02
   3.6430895e+02
   3.6219518e+02
   3.6008135e+02
   3.5796747e+02
   3.5585353e+02
   3.5373954e+02
   3.5162549e+02
   3.4951138e+02
   3.4739721e+02
   3.4528299e+02
   3.4316872e+02
   3.4105439e+02
   3.3894000e+02
   3.3682556e+02
   3.3471106e+02
   3.3259651e+02
   3.3048190e+02
   3.2836723e+02
   3.2625251e+02
   3.2413774e+02
   3.2202291e+02
   3.1990803e+02
   3.1779309e+02
   3.1567810e+02
   3.1356305e+02
   3.1144795e+02
   3.0933279e+02
   3.0721758e+02
   3.0510232e+02
   3.0298700e+02
   3.0087163e+02
   2.9875621e+02
   2.9664073e+02
   2.9452520e+02
   2.9240962e+02
   2.9029398e+02
   2.8817829e+02
   2.8606255e+02
   2.8394675e+02
   2.8183090e+02
   2.7971500e+02
   2.7759905e+02
   2.7548304e+02
   2.7336699e+02
   2.7125088e+02
   2.6913471e+02
   2.6701850e+02
   2.6490224e+02
   2.6278592e+02
   2.6066955e+02
   2.5855313e+02
   2.5643666e+02
   2.5432014e+02
   2.5220356e+02
   2.5008694e+02
   2.4797026e+02
   2.4585354e+02
   2.4373676e+02
   2.4161994e+02
   2.3950306e+02
   2.3738613e+02
   2.3526915e+02
   2.3315213e+02
   2.3103505e+02
   2.2891792e+02
   2.2680075e+02
   2.2468352e+02
   2.2256624e+02
   2.2044892e+02
   2.1833154e+02
   2.1621412e+02
   2.1409665e+02
   2.1197913e+02
   2.0986156e+02
   2.0774394e+02
   2.0562627e+02
   2.0350856e+02
   2.0139079e+02
   1.9927298e+02
   1.9715512e+02
   1.9503721e+02
   1.9291926e+02
   1.9080125e+02
   1.8868320e+02
   1.8656510e+02
   1.8444696e+02
   1.8232876e+02
   1.8021052e+02
   1.7809224e+02
   1.7597390e+02
   1.7385552e+02
   1.7173709e+02
   1.6961862e+02
   1.6750010e+02
   1.6538153e+02
   1.6326292e+02
   1.6114426e+02
   1.5902555e+02
   1.5690680e+02
   1.5478800e+02
   1.5266916e+02
   1.5055027e+02
   1.4843134e+02
   1.4631236e+02
   1.4419334e+02
   1.4207427e+02
   1.3995515e+02
   1.3783599e+02
   1.3571679e+02
   1.3359754e+02
   1.3147825e+02
   1.2935891e+02
   1.2723953e+02
   1.2512011e+02
   1.2300064e+02
   1.2088112e+02
   1.1876156e+02
   1.1664196e+02
   1.1452232e+02
   1.1240263e+02
   1.1028290e+02
   1.0816312e+02
   1.0604331e+02
   1.0392345e+02
   1.0180354e+02
   9.9683595e+01
   9.7563606e+01
   9.5443575e+01
   9.3323501e+01
   9.1203384e+01
   8.9083226e+01
   8.6963025e+01
   8.4842782e+01
   8.2722498e+01
   8.0602172e+01
   7.8481804e+01
   7.6361395e+01
   7.4240944e+01
   7.2120452e+01
   6.9999919e+01
   6.7879345e+01
   6.5758730e+01
   6.3638074e+01
   6.1517378e+01
   5.9396641e+01
   5.7275863e+01
   5.5155045e+01
   5.3034187e+01
   5.0913289e+01
   4.8792351e+01
   4.6671373e+01
   4.4550355e+01
   4.2429297e+01
   4.0308200e+01
   3.8187064e+01
   3.6065888e+01
   3.3944673e+01
   3.1823419e+01
   2.9702126e+01
   2.7580794e+01
   2.5459424e+01
   2.3338015e+01
   2.1216567e+01
   1.9095081e+01
   1.6973557e+01
   1.4851995e+01
   1.2730394e+01
   1.0608756e+01
   8.4870799e+00
   6.3653662e+00
   4.2436149e+00
   2.1218261e+00
   0.0000000e+00
