   3.5493650e+03
   3.5534829e+03
   3.5561324e+03
   3.5579800e+03
   3.5579265e+03
   3.5589392e+03
   3.5624111e+03
   3.5701653e+03
   3.5772212e+03
   3.5808492e+03
   3.5819598e+03
   3.5833327e+03
   3.5859676e+03
   3.5895883e+03
   3.5936758e+03
   3.5973530e+03
   3.5993031e+03
   3.6009067e+03
   3.6027036e+03
   3.6090494e+03
   3.6185529e+03
   3.6241988e+03
   3.6294405e+03
   3.6346939e+03
   3.6388748e+03
   3.6416345e+03
   3.6420393e+03
   3.6417781e+03
   3.6413365e+03
   3.6413915e+03
   3.6460292e+03
   3.6524874e+03
   3.6560608e+03
   3.6579883e+03
   3.6589113e+03
   3.6607192e+03
   3.6617401e+03
   3.6618559e+03
   3.6678141e+03
   3.6775255e+03
   3.6847750e+03
   3.6884196e+03
   3.6910507e+03
   3.6945630e+03
   3.6962196e+03
   3.6984407e+03
   3.7009743e+03
   3.7026239e+03
   3.7046978e+03
   3.7068362e+03
   3.7070525e+03
   3.7090545e+03
   3.7121789e+03
   3.7160244e+03
   3.7191588e+03
   3.7199619e+03
   3.7220623e+03
   3.7248247e+03
   3.7278487e+03
   3.7281080e+03
   3.7289669e+03
   3.7299612e+03
   3.7317401e+03
   3.7337553e+03
   3.7368034e+03
   3.7380138e+03
   3.7379993e+03
   3.7383203e+03
   3.7384615e+03
   3.7396295e+03
   3.7420431e+03
   3.7447918e+03
   3.7467949e+03
   3.7487559e+03
   3.7498570e+03
   3.7508504e+03
   3.7518460e+03
   3.7519846e+03
   3.7529270e+03
   3.7519410e+03
   3.7517579e+03
   3.7509222e+03
   3.7500440e+03
   3.7489173e+03
   3.7488379e+03
   3.7475044e+03
   3.7465747e+03
   3.7446365e+03
   3.7431118e+03
   3.7412524e+03
   3.7399871e+03
   3.7390648e+03
   3.7389680e+03
   3.7369283e+03
   3.7370179e+03
   3.7368631e+03
   3.7358218e+03
   3.7344160e+03
   3.7333436e+03
   3.7312832e+03
   3.7280533e+03
   3.7254442e+03
   3.7224410e+03
   3.7203250e+03
   3.7190754e+03
   3.7170567e+03
   3.7159469e+03
   3.7147236e+03
   3.7114047e+03
   3.7080117e+03
   3.7049977e+03
   3.7033880e+03
   3.7020842e+03
   3.7001921e+03
   3.6987921e+03
   3.6969393e+03
   3.6943875e+03
   3.6913290e+03
   3.6881283e+03
   3.6870089e+03
   3.6859586e+03
   3.6840437e+03
   3.6831094e+03
   3.6818169e+03
   3.6785726e+03
   3.6765984e+03
   3.6749205e+03
   3.6741793e+03
   3.6723375e+03
   3.6695633e+03
   3.6671893e+03
   3.6658339e+03
   3.6659675e+03
   3.6639960e+03
   3.6598131e+03
   3.6555685e+03
   3.6514180e+03
   3.6477007e+03
   3.6461786e+03
   3.6453048e+03
   3.6438483e+03
   3.6419815e+03
   3.6399235e+03
   3.6383276e+03
   3.6355941e+03
   3.6324523e+03
   3.6282545e+03
   3.6239344e+03
   3.6187789e+03
   3.6146781e+03
   3.6109184e+03
   3.6055878e+03
   3.6004350e+03
   3.5953828e+03
   3.5914624e+03
   3.5893225e+03
   3.5870727e+03
   3.5864291e+03
   3.5853642e+03
   3.5839546e+03
   3.5826919e+03
   3.5817456e+03
   3.5798489e+03
   3.5789512e+03
   3.5780165e+03
   3.5766902e+03
   3.5730430e+03
   3.5700081e+03
   3.5675727e+03
   3.5640259e+03
   3.5609357e+03
   3.5559245e+03
   3.5501093e+03
   3.5449600e+03
   3.5418674e+03
   3.5398415e+03
   3.5365508e+03
   3.5323645e+03
   3.5298850e+03
   3.5298337e+03
   3.5305561e+03
   3.5284398e+03
   3.5256168e+03
   3.5203207e+03
   3.5127173e+03
   3.5056772e+03
   3.5031011e+03
   3.5020606e+03
   3.4985821e+03
   3.4955179e+03
   3.4924427e+03
   3.4882763e+03
   3.4841130e+03
   3.4809491e+03
   3.4777724e+03
   3.4734743e+03
   3.4686483e+03
   3.4625115e+03
   3.4592211e+03
   3.4556179e+03
   3.4505303e+03
   3.4461480e+03
   3.4419839e+03
   3.4369508e+03
   3.4309355e+03
   3.4252426e+03
   3.4215648e+03
   3.4184016e+03
   3.4139845e+03
   3.4071020e+03
   3.3998188e+03
   3.3899484e+03
   3.3787639e+03
   3.3759937e+03
   3.3795046e+03
   3.3798021e+03
   3.3751015e+03
   3.3691321e+03
   3.3603976e+03
   3.3466975e+03
   3.3299774e+03
   3.3148778e+03
   3.3070220e+03
   3.3019001e+03
   3.2971751e+03
   3.2936591e+03
   3.2865688e+03
   3.2686267e+03
   3.2487265e+03
   3.2450664e+03
   3.2466364e+03
   3.2453016e+03
   3.2402018e+03
   3.2351209e+03
   3.2288134e+03
   3.2210842e+03
   3.2149867e+03
   3.2087151e+03
   3.2032091e+03
   3.1969925e+03
   3.1875886e+03
   3.1797865e+03
   3.1778492e+03
   3.1785091e+03
   3.1746299e+03
   3.1647861e+03
   3.1517798e+03
   3.1423160e+03
   3.1390306e+03
   3.1356795e+03
   3.1291465e+03
   3.1210150e+03
   3.1129700e+03
   3.1067339e+03
   3.1011646e+03
   3.0988724e+03
   3.0989004e+03
   3.0958761e+03
   3.0878143e+03
   3.0801306e+03
   3.0766206e+03
   3.0717261e+03
   3.0682787e+03
   3.0663600e+03
   3.0626343e+03
   3.0573004e+03
   3.0537346e+03
   3.0494304e+03
   3.0421137e+03
   3.0310800e+03
   3.0236615e+03
   3.0248476e+03
   3.0235144e+03
   3.0182873e+03
   3.0139498e+03
   3.0111181e+03
   3.0058666e+03
   2.9989233e+03
   2.9889273e+03
   2.9757389e+03
   2.9673620e+03
   2.9654444e+03
   2.9601506e+03
   2.9513147e+03
   2.9451039e+03
   2.9400629e+03
   2.9343560e+03
   2.9276281e+03
   2.9211074e+03
   2.9142744e+03
   2.9079549e+03
   2.8999707e+03
   2.8916290e+03
   2.8832036e+03
   2.8759511e+03
   2.8698228e+03
   2.8648619e+03
   2.8596243e+03
   2.8549443e+03
   2.8544159e+03
   2.8549623e+03
   2.8522607e+03
   2.8452432e+03
   2.8372166e+03
   2.8318578e+03
   2.8262020e+03
   2.8173456e+03
   2.8051104e+03
   2.7916683e+03
   2.7764507e+03
   2.7677768e+03
   2.7619955e+03
   2.7586270e+03
   2.7574670e+03
   2.7515930e+03
   2.7411154e+03
   2.7284906e+03
   2.7221224e+03
   2.7185189e+03
   2.7076201e+03
   2.6922561e+03
   2.6819908e+03
   2.6757281e+03
   2.6693623e+03
   2.6583602e+03
   2.6391754e+03
   2.6253702e+03
   2.6257530e+03
   2.6267112e+03
   2.6226055e+03
   2.6185804e+03
   2.6122420e+03
   2.6037429e+03
   2.5931984e+03
   2.5846656e+03
   2.5776216e+03
   2.5705249e+03
   2.5646179e+03
   2.5594981e+03
   2.5536493e+03
   2.5463573e+03
   2.5392911e+03
   2.5311829e+03
   2.5222552e+03
   2.5137199e+03
   2.5016284e+03
   2.4874972e+03
   2.4785727e+03
   2.4741062e+03
   2.4687498e+03
   2.4624784e+03
   2.4561979e+03
   2.4516498e+03
   2.4481797e+03
   2.4436368e+03
   2.4387843e+03
   2.4308977e+03
   2.4217670e+03
   2.4104412e+03
   2.3959343e+03
   2.3802085e+03
   2.3697768e+03
   2.3596006e+03
   2.3495497e+03
   2.3423192e+03
   2.3348003e+03
   2.3263298e+03
   2.3178483e+03
   2.3078831e+03
   2.2987301e+03
   2.2895001e+03
   2.2832040e+03
   2.2783561e+03
   2.2736752e+03
   2.2684530e+03
   2.2632238e+03
   2.2577353e+03
   2.2521203e+03
   2.2400543e+03
   2.2239780e+03
   2.2057924e+03
   2.1914394e+03
   2.1745546e+03
   2.1539989e+03
   2.1372061e+03
   2.1267244e+03
   2.1190577e+03
   2.1122691e+03
   2.1059103e+03
   2.0981436e+03
   2.0882530e+03
   2.0739288e+03
   2.0598950e+03
   2.0456646e+03
   2.0351132e+03
   2.0245030e+03
   2.0086973e+03
   1.9951926e+03
   1.9882731e+03
   1.9816253e+03
   1.9766537e+03
   1.9706895e+03
   1.9623083e+03
   1.9513045e+03
   1.9318188e+03
   1.9046536e+03
   1.8842956e+03
   1.8701962e+03
   1.8492508e+03
   1.8222563e+03
   1.8041741e+03
   1.7977386e+03
   1.7913038e+03
   1.7761639e+03
   1.7599874e+03
   1.7254710e+03
   1.6868681e+03
   1.6673168e+03
   1.6520882e+03
   1.6312498e+03
   1.6283585e+03
   1.6270127e+03
   1.6263811e+03
   1.6288686e+03
   1.6286121e+03
   1.6244953e+03
   1.6222258e+03
   1.6222633e+03
   1.6212704e+03
   1.6131512e+03
   1.5887526e+03
   1.5486645e+03
   1.5094879e+03
   1.4940975e+03
   1.4945253e+03
   1.4844655e+03
   1.4793881e+03
   1.4778369e+03
   1.4702932e+03
   1.4584328e+03
   1.4395107e+03
   1.4220927e+03
   1.4118407e+03
   1.3874952e+03
   1.3633953e+03
   1.3471507e+03
   1.3199070e+03
   1.2909780e+03
   1.2666826e+03
   1.2378737e+03
   1.2127981e+03
   1.1950462e+03
   1.1826959e+03
   1.1766577e+03
   1.1646658e+03
   1.1500201e+03
   1.1344536e+03
   1.1185751e+03
   1.1041879e+03
   1.0934902e+03
   1.0788823e+03
   1.0565265e+03
   1.0351412e+03
   1.0199396e+03
   1.0051408e+03
   9.7408004e+02
   9.3662697e+02
   9.1200089e+02
   8.9841977e+02
   8.9034325e+02
   8.8364215e+02
   8.7748819e+02
   8.6721359e+02
   8.5341915e+02
   8.3415944e+02
   8.1007997e+02
   7.8631488e+02
   7.6811151e+02
   7.5755662e+02
   7.4910266e+02
   7.4173823e+02
   7.3526729e+02
   7.3172287e+02
   7.3094666e+02
   7.2516871e+02
   7.1457489e+02
   6.9588096e+02
   6.5871915e+02
   6.1178178e+02
   5.8160368e+02
   5.6765134e+02
   5.4763363e+02
   5.2234877e+02
   4.9361364e+02
   4.6707880e+02
   4.4537482e+02
   4.3148414e+02
   4.1609424e+02
   4.1529185e+02
   4.3110868e+02
   4.4570784e+02
   4.5273834e+02
   4.5016096e+02
   4.0084490e+02
   3.3930320e+02
   2.9935135e+02
   2.9445029e+02
   2.8900230e+02
   2.8107469e+02
   2.7291933e+02
   2.6368752e+02
   2.5647693e+02
   2.4929985e+02
   2.4458447e+02
   2.4258814e+02
   2.4026795e+02
   2.3752845e+02
   2.3125963e+02
   2.2396100e+02
   2.1777802e+02
   2.1498681e+02
   2.1296098e+02
   2.1096475e+02
   2.1203908e+02
   2.1409979e+02
   2.1434209e+02
   2.1426175e+02
   2.1275316e+02
   2.1198362e+02
   2.1246858e+02
   2.1310055e+02
   2.1443328e+02
   2.1355742e+02
   2.0947873e+02
   2.0502273e+02
   2.0252445e+02
   1.9927896e+02
   1.9488968e+02
   1.9063087e+02
   1.8755916e+02
   1.8447511e+02
   1.8080964e+02
   1.7786922e+02
   1.7659445e+02
   1.7411577e+02
   1.7261981e+02
   1.7219227e+02
   1.7143515e+02
   1.6990907e+02
   1.6500924e+02
   1.6084101e+02
   1.5882805e+02
   1.5554942e+02
   1.5159304e+02
   1.5208274e+02
   1.5317486e+02
   1.5009331e+02
   1.4577310e+02
   1.4166953e+02
   1.4031359e+02
   1.3664644e+02
   1.3461358e+02
   1.3170537e+02
   1.2926638e+02
   1.2915397e+02
   1.2903536e+02
   1.2790224e+02
   1.2906381e+02
   1.2891397e+02
   1.2837208e+02
   1.2861861e+02
   1.2614038e+02
   1.2434840e+02
   1.2416380e+02
   1.2363959e+02
   1.2193289e+02
   1.1971939e+02
   1.1854954e+02
   1.1844638e+02
   1.1820857e+02
   1.1686792e+02
   1.1469739e+02
   1.1091473e+02
   1.0698005e+02
   1.0569758e+02
   1.0684902e+02
   1.0715692e+02
   1.0880661e+02
   1.0805625e+02
   1.0818680e+02
   1.0837624e+02
   1.0743406e+02
   1.0751522e+02
   1.0769529e+02
   1.0671873e+02
   1.0588070e+02
   1.0449659e+02
   1.0418946e+02
   1.0425125e+02
   1.0625121e+02
   1.0852804e+02
   1.1082897e+02
   1.1211113e+02
   1.1220043e+02
   1.0911254e+02
   1.0659553e+02
   1.0657403e+02
   1.0673470e+02
   1.0643325e+02
   1.0554121e+02
   1.0400670e+02
   1.0235570e+02
   1.0218340e+02
   1.0138132e+02
   9.8473784e+01
   9.4798693e+01
   9.3421675e+01
   9.2459656e+01
   9.2048317e+01
   9.1078554e+01
   9.0556979e+01
   9.1336364e+01
   9.2626230e+01
   9.2805661e+01
   9.2994312e+01
   9.2093081e+01
   9.0500307e+01
   8.8448473e+01
   8.6320652e+01
   8.6065405e+01
   8.5023030e+01
   8.5032753e+01
   8.4452476e+01
   8.4092227e+01
   8.3897237e+01
   8.4810228e+01
   8.4858378e+01
   8.5434506e+01
   8.5934021e+01
   8.6003893e+01
   8.6071075e+01
   8.5258122e+01
   8.4202864e+01
   8.3971504e+01
   8.3244151e+01
   8.2252232e+01
   8.2388703e+01
   8.1858759e+01
   8.3148676e+01
   8.3284712e+01
   8.3420386e+01
   8.3193686e+01
   8.3149686e+01
   8.3033312e+01
   8.2952182e+01
   8.2913433e+01
   8.3814057e+01
   8.4578399e+01
   8.3623333e+01
   8.2965141e+01
   8.3633599e+01
   8.3458080e+01
   8.3368894e+01
   8.3212956e+01
   8.3105295e+01
   8.2127389e+01
   8.2126193e+01
   8.2120082e+01
   8.1025496e+01
   7.9908394e+01
   7.9888063e+01
   7.9999341e+01
   8.0000000e+01
   7.9821305e+01
   7.9013276e+01
   7.8262026e+01
   7.8071107e+01
   7.7107663e+01
   7.6377417e+01
   7.6127803e+01
   7.5043950e+01
   7.3982032e+01
   7.3963884e+01
   7.5986371e+01
   7.5887563e+01
   7.5000000e+01
   7.4996165e+01
   7.4989319e+01
   7.4994698e+01
   7.4976426e+01
   7.5238014e+01
   7.5612868e+01
   7.6047110e+01
   7.5980975e+01
   7.5084084e+01
   7.4983799e+01
   7.3998264e+01
   7.3993192e+01
   7.3063570e+01
   7.3106587e+01
   7.3018790e+01
   7.2140226e+01
   7.1997979e+01
   7.1580811e+01
   7.0524678e+01
   6.9159772e+01
   6.8031337e+01
   6.7382071e+01
   6.7004362e+01
   6.7084396e+01
   6.5998058e+01
   6.5967762e+01
   6.4999834e+01
   6.4755547e+01
   6.3985812e+01
   6.2943397e+01
   6.3034632e+01
   6.2613128e+01
   6.1969010e+01
   6.1297191e+01
   6.1110199e+01
   5.9997654e+01
   6.0000147e+01
   5.9904547e+01
   5.9000453e+01
   5.8987057e+01
   5.9012479e+01
   6.0073014e+01
   6.0396041e+01
   6.1182261e+01
   6.0201475e+01
   5.9750916e+01
   5.8386959e+01
   5.8008312e+01
   5.8051973e+01
   5.8201864e+01
   5.9122724e+01
   5.7009129e+01
   5.3989933e+01
   5.1851596e+01
   5.0999940e+01
   5.0991566e+01
   5.0905777e+01
   5.1879570e+01
   5.1904386e+01
   5.1264251e+01
   5.0757386e+01
   5.0022607e+01
   4.9047437e+01
   4.8076342e+01
   4.8088852e+01
   4.6997199e+01
   4.6983883e+01
   4.5999510e+01
   4.5796540e+01
   4.4677262e+01
   4.3863303e+01
   4.3922916e+01
   4.2947141e+01
   4.2819953e+01
   4.2712045e+01
   4.1606700e+01
   4.1458238e+01
   4.1395133e+01
   4.1323615e+01
   4.0999364e+01
   4.0122203e+01
   3.9995138e+01
   4.0000000e+01
   0.0000000e+00
   0.0000000e+00
   0.0000000e+00
   0.0000000e+00
   0.0000000e+00
   0.0000000e+00
   0.0000000e+00
   0.0000000e+00
   0.0000000e+00
   0.0000000e+00
   0.0000000e+00
   0.0000000e+00
   0.0000000e+00
   0.0000000e+00
   0.0000000e+00
   0.0000000e+00
   0.0000000e+00
   0.0000000e+00
   0.0000000e+00
   0.0000000e+00
   0.0000000e+00
   0.0000000e+00
   0.0000000e+00
   0.0000000e+00
   0.0000000e+00
   0.0000000e+00
   0.0000000e+00
   0.0000000e+00
   0.0000000e+00
   0.0000000e+00
   0.0000000e+00
   0.0000000e+00
   0.0000000e+00
   0.0000000e+00
   0.0000000e+00
   0.0000000e+00
   0.0000000e+00
   0.0000000e+00
   0.0000000e+00
   0.0000000e+00
   0.0000000e+00
   0.0000000e+00
   0.0000000e+00
   0.0000000e+00
   0.0000000e+00
   0.0000000e+00
   0.0000000e+00
   0.0000000e+00
   0.0000000e+00
   0.0000000e+00
   0.0000000e+00
   0.0000000e+00
   0.0000000e+00
   0.0000000e+00
   0.0000000e+00
   0.0000000e+00
   0.0000000e+00
   0.0000000e+00
   0.0000000e+00
   0.0000000e+00
   0.0000000e+00
   0.0000000e+00
   0.0000000e+00
   0.0000000e+00
   0.0000000e+00
   0.0000000e+00
   0.0000000e+00
   0.0000000e+00
   0.0000000e+00
   0.0000000e+00
   0.0000000e+00
   0.0000000e+00
   0.0000000e+00
   0.0000000e+00
   0.0000000e+00
   0.0000000e+00
   0.0000000e+00
   0.0000000e+00
   0.0000000e+00
   0.0000000e+00
   0.0000000e+00
   0.0000000e+00
   0.0000000e+00
   0.0000000e+00
   0.0000000e+00
   0.0000000e+00
   0.0000000e+00
   0.0000000e+00
   0.0000000e+00
   0.0000000e+00
   0.0000000e+00
   0.0000000e+00
   0.0000000e+00
   0.0000000e+00
   0.0000000e+00
   0.0000000e+00
   0.0000000e+00
   0.0000000e+00
   0.0000000e+00
   0.0000000e+00
   0.0000000e+00
   0.0000000e+00
   0.0000000e+00
   0.0000000e+00
   0.0000000e+00
   0.0000000e+00
   0.0000000e+00
   0.0000000e+00
   0.0000000e+00
   0.0000000e+00
   0.0000000e+00
   0.0000000e+00
   0.0000000e+00
   0.0000000e+00
   0.0000000e+00
   0.0000000e+00
   0.0000000e+00
   0.0000000e+00
   0.0000000e+00
   0.0000000e+00
   0.0000000e+00
   0.0000000e+00
   0.0000000e+00
   0.0000000e+00
   0.0000000e+00
   0.0000000e+00
   0.0000000e+00
   0.0000000e+00
   0.0000000e+00
   0.0000000e+00
   0.0000000e+00
   0.0000000e+00
   0.0000000e+00
   0.0000000e+00
   0.0000000e+00
   0.0000000e+00
   0.0000000e+00
   0.0000000e+00
   0.0000000e+00
   0.0000000e+00
   0.0000000e+00
   0.0000000e+00
   0.0000000e+00
   0.0000000e+00
   0.0000000e+00
   0.0000000e+00
   0.0000000e+00
   0.0000000e+00
   0.0000000e+00
   0.0000000e+00
   0.0000000e+00
   0.0000000e+00
   0.0000000e+00
   0.0000000e+00
   0.0000000e+00
   0.0000000e+00
   0.0000000e+00
   0.0000000e+00
   0.0000000e+00
   0.0000000e+00
   0.0000000e+00
   0.0000000e+00
   0.0000000e+00
   0.0000000e+00
   0.0000000e+00
   0.0000000e+00
   0.0000000e+00
   0.0000000e+00
   0.0000000e+00
   0.0000000e+00
   0.0000000e+00
   0.0000000e+00
   0.0000000e+00
   0.0000000e+00
   0.0000000e+00
   0.0000000e+00
   0.0000000e+00
   0.0000000e+00
   0.0000000e+00
   0.0000000e+00
   0.0000000e+00
   0.0000000e+00
   0.0000000e+00
   0.0000000e+00
   0.0000000e+00
   0.0000000e+00
   0.0000000e+00
   0.0000000e+00
   0.0000000e+00
   0.0000000e+00
   0.0000000e+00
   0.0000000e+00
   0.0000000e+00
   0.0000000e+00
   0.0000000e+00
   0.0000000e+00
   0.0000000e+00
   0.0000000e+00
   0.0000000e+00
   0.0000000e+00
   0.0000000e+00
   0.0000000e+00
   0.0000000e+00
   0.0000000e+00
   0.0000000e+00
   0.0000000e+00
   0.0000000e+00
   0.0000000e+00
   0.0000000e+00
   0.0000000e+00
   0.0000000e+00
   0.0000000e+00
   0.0000000e+00
   0.0000000e+00
   0.0000000e+00
   0.0000000e+00
   0.0000000e+00
   0.0000000e+00
   0.0000000e+00
   0.0000000e+00
   0.0000000e+00
   0.0000000e+00
   0.0000000e+00
   0.0000000e+00
   0.0000000e+00
   0.0000000e+00
   0.0000000e+00
   0.0000000e+00
   0.0000000e+00
   0.0000000e+00
   0.0000000e+00
   0.0000000e+00
   0.0000000e+00
   0.0000000e+00
   0.0000000e+00
   0.0000000e+00
   0.0000000e+00
   0.0000000e+00
   0.0000000e+00
   0.0000000e+00
   0.0000000e+00
   0.0000000e+00
   0.0000000e+00
   0.0000000e+00
   0.0000000e+00
   0.0000000e+00
   0.0000000e+00
   0.0000000e+00
   0.0000000e+00
   0.0000000e+00
   0.0000000e+00
   0.0000000e+00
   0.0000000e+00
   0.0000000e+00
   0.0000000e+00
   0.0000000e+00
   0.0000000e+00
   0.0000000e+00
   0.0000000e+00
   0.0000000e+00
   0.0000000e+00
   0.0000000e+00
   0.0000000e+00
   0.0000000e+00
   0.0000000e+00
   0.0000000e+00
   0.0000000e+00
   0.0000000e+00
   0.0000000e+00
   0.0000000e+00
   0.0000000e+00
   0.0000000e+00
   0.0000000e+00
   0.0000000e+00
   0.0000000e+00
   0.0000000e+00
   0.0000000e+00
   0.0000000e+00
   0.0000000e+00
   0.0000000e+00
   0.0000000e+00
   0.0000000e+00
   0.0000000e+00
   0.0000000e+00
   0.0000000e+00
   0.0000000e+00
   0.0000000e+00
   0.0000000e+00
   0.0000000e+00
   0.0000000e+00
   0.0000000e+00
   0.0000000e+00
   0.0000000e+00
   0.0000000e+00
   0.0000000e+00
   0.0000000e+00
   0.0000000e+00
   0.0000000e+00
   0.0000000e+00
   0.0000000e+00
   0.0000000e+00
   0.0000000e+00
   0.0000000e+00
   0.0000000e+00
   0.0000000e+00
   0.0000000e+00
   0.0000000e+00
   0.0000000e+00
   0.0000000e+00
   0.0000000e+00
   0.0000000e+00
   0.0000000e+00
   0.0000000e+00
   0.0000000e+00
   0.0000000e+00
   0.0000000e+00
   0.0000000e+00
   0.0000000e+00
   0.0000000e+00
   0.0000000e+00
   0.0000000e+00
   0.0000000e+00
   0.0000000e+00
   0.0000000e+00
   0.0000000e+00
   0.0000000e+00
   0.0000000e+00
   0.0000000e+00
   0.0000000e+00
   0.0000000e+00
   0.0000000e+00
   0.0000000e+00
   0.0000000e+00
   0.0000000e+00
   0.0000000e+00
   0.0000000e+00
   0.0000000e+00
   0.0000000e+00
   0.0000000e+00
   0.0000000e+00
   0.0000000e+00
   0.0000000e+00
   0.0000000e+00
   0.0000000e+00
   0.0000000e+00
   0.0000000e+00
   0.0000000e+00
   0.0000000e+00
   0.0000000e+00
   0.0000000e+00
   0.0000000e+00
   0.0000000e+00
   0.0000000e+00
   0.0000000e+00
   0.0000000e+00
   0.0000000e+00
   0.0000000e+00
   0.0000000e+00
   0.0000000e+00
   0.0000000e+00
   0.0000000e+00
   0.0000000e+00
   0.0000000e+00
   0.0000000e+00
   0.0000000e+00
   0.0000000e+00
   0.0000000e+00
   0.0000000e+00
   0.0000000e+00
   0.0000000e+00
   0.0000000e+00
   0.0000000e+00
   0.0000000e+00
   0.0000000e+00
   0.0000000e+00
   0.0000000e+00
   0.0000000e+00
   0.0000000e+00
   0.0000000e+00
   0.0000000e+00
   0.0000000e+00
   0.0000000e+00
   0.0000000e+00
   0.0000000e+00
   0.0000000e+00
   0.0000000e+00
   0.0000000e+00
   0.0000000e+00
   0.0000000e+00
   0.0000000e+00
   0.0000000e+00
   0.0000000e+00
   0.0000000e+00
   0.0000000e+00
   0.0000000e+00
   0.0000000e+00
   0.0000000e+00
   0.0000000e+00
   0.0000000e+00
   0.0000000e+00
   0.0000000e+00
   0.0000000e+00
   0.0000000e+00
   0.0000000e+00
   0.0000000e+00
   0.0000000e+00
   0.0000000e+00
   0.0000000e+00
   0.0000000e+00
   0.0000000e+00
   0.0000000e+00
   0.0000000e+00
   0.0000000e+00
   0.0000000e+00
   0.0000000e+00
   0.0000000e+00
   0.0000000e+00
   0.0000000e+00
   0.0000000e+00
   0.0000000e+00
   0.0000000e+00
   0.0000000e+00
   0.0000000e+00
   0.0000000e+00
   0.0000000e+00
   0.0000000e+00
   0.0000000e+00
   0.0000000e+00
   0.0000000e+00
   0.0000000e+00
   0.0000000e+00
   0.0000000e+00
   0.0000000e+00
   0.0000000e+00
   0.0000000e+00
   0.0000000e+00
   0.0000000e+00
   0.0000000e+00
   0.0000000e+00
   0.0000000e+00
   0.0000000e+00
   0.0000000e+00
   0.0000000e+00
   0.0000000e+00
   0.0000000e+00
   0.0000000e+00
   0.0000000e+00
   0.0000000e+00
   0.0000000e+00
   0.0000000e+00
   0.0000000e+00
   0.0000000e+00
   0.0000000e+00
   0.0000000e+00
   0.0000000e+00
   0.0000000e+00
   0.0000000e+00
   0.0000000e+00
   0.0000000e+00
   0.0000000e+00
   0.0000000e+00
   0.0000000e+00
  -2.1786775e+02
  -2.1807529e+02
  -2.1951303e+02
  -2.2187390e+02
  -2.2808761e+02
  -2.2951090e+02
  -2.2976016e+02
  -2.3066110e+02
  -2.3559674e+02
  -2.3790011e+02
  -2.3960671e+02
  -2.4299338e+02
  -2.4489311e+02
  -2.4975711e+02
  -2.5728244e+02
  -2.6190463e+02
  -2.6681076e+02
  -2.7222253e+02
  -2.7487828e+02
  -2.7641993e+02
  -2.8205124e+02
  -2.9140609e+02
  -2.9455877e+02
  -3.0022569e+02
  -3.0314246e+02
  -3.0228815e+02
  -2.9865964e+02
  -2.9630812e+02
  -2.9632123e+02
  -3.0222605e+02
  -3.2620795e+02
  -3.5284393e+02
  -3.6750440e+02
  -3.5842672e+02
  -3.5446575e+02
  -3.5748318e+02
  -3.6309785e+02
  -3.6995557e+02
  -3.7947042e+02
  -3.8086200e+02
  -3.7834578e+02
  -3.7374670e+02
  -3.7031622e+02
  -3.6793512e+02
  -3.6767338e+02
  -3.7071349e+02
  -3.7412684e+02
  -3.7729606e+02
  -3.8066217e+02
  -3.8737795e+02
  -3.9362938e+02
  -3.9723917e+02
  -4.0134271e+02
  -4.0489206e+02
  -4.0817185e+02
  -4.1429859e+02
  -4.2155045e+02
  -4.2594593e+02
  -4.3021882e+02
  -4.3345349e+02
  -4.3889340e+02
  -4.4048491e+02
  -4.4897664e+02
  -4.5628435e+02
  -4.6565050e+02
  -4.7681912e+02
  -4.8041153e+02
  -4.8362550e+02
  -4.8776869e+02
  -4.9020364e+02
  -4.9300525e+02
  -4.9404071e+02
  -5.0010012e+02
  -5.0321702e+02
  -5.1088666e+02
  -5.1536351e+02
  -5.1465869e+02
  -5.1295534e+02
  -5.1200790e+02
  -5.1027937e+02
  -5.0841314e+02
  -5.1206783e+02
  -5.1524437e+02
  -5.1474129e+02
  -5.1966762e+02
  -5.2187781e+02
  -5.0947858e+02
  -5.0763326e+02
  -5.1692049e+02
  -5.2755109e+02
  -5.3543100e+02
  -5.4167529e+02
  -5.4670347e+02
  -5.5304597e+02
  -5.5814504e+02
  -5.6203644e+02
  -5.6521961e+02
  -5.6676661e+02
  -5.6748505e+02
  -5.7076792e+02
  -5.7745050e+02
  -5.8335228e+02
  -5.8423574e+02
  -5.8888128e+02
  -5.9179480e+02
  -5.9117795e+02
  -5.9478773e+02
  -6.0000941e+02
  -5.9673902e+02
  -5.9404359e+02
  -6.0042966e+02
  -6.0669801e+02
  -6.0544803e+02
  -5.9738313e+02
  -5.9774759e+02
  -6.0131975e+02
  -6.0063817e+02
  -6.0185110e+02
  -6.0605000e+02
  -6.0098408e+02
  -5.9986658e+02
  -5.9329779e+02
  -5.9618064e+02
  -5.9642603e+02
  -6.0458728e+02
  -6.0816593e+02
  -6.1348766e+02
  -6.2248630e+02
  -6.2994948e+02
  -6.2905275e+02
  -6.2597774e+02
  -6.2214666e+02
  -6.1945188e+02
  -6.1860054e+02
  -6.1417382e+02
  -6.1667789e+02
  -6.1795535e+02
  -6.2257783e+02
  -6.2570982e+02
  -6.3479278e+02
  -6.3737083e+02
  -6.5876312e+02
  -6.7685012e+02
  -6.9038289e+02
  -6.9461926e+02
  -6.9763263e+02
  -6.9389238e+02
  -6.8486628e+02
  -6.7838552e+02
  -6.8152421e+02
  -6.9901320e+02
  -7.0227989e+02
  -7.1210235e+02
  -7.2160301e+02
  -7.5090938e+02
  -7.8313961e+02
  -7.8253277e+02
  -7.8772268e+02
  -7.9920849e+02
  -8.1103350e+02
  -8.2533087e+02
  -8.2756310e+02
  -8.2027522e+02
  -8.2703974e+02
  -8.5453108e+02
  -8.7510013e+02
  -8.7430645e+02
  -8.6774735e+02
  -8.4574187e+02
  -8.2331474e+02
  -8.0198242e+02
  -8.0526080e+02
  -8.1221806e+02
  -8.2908636e+02
  -8.4183704e+02
  -8.5132760e+02
  -8.5400105e+02
  -8.5420932e+02
  -8.5693636e+02
  -8.5204288e+02
  -8.5042850e+02
  -8.4502195e+02
  -8.3680708e+02
  -8.2863926e+02
  -8.2131283e+02
  -8.3419763e+02
  -8.6881809e+02
  -9.0125041e+02
  -9.1648758e+02
  -9.1409935e+02
  -9.1722662e+02
  -9.2171248e+02
  -9.3126867e+02
  -9.4432018e+02
  -9.5492995e+02
  -9.5312147e+02
  -9.4149003e+02
  -9.4335873e+02
  -9.4832253e+02
  -9.4195290e+02
  -9.3209649e+02
  -9.2238272e+02
  -9.0384264e+02
  -8.8667713e+02
  -8.8182564e+02
  -8.9961489e+02
  -9.4298334e+02
  -1.0000404e+03
  -1.0529612e+03
  -1.0793973e+03
  -1.0905070e+03
  -1.1310177e+03
  -1.1580816e+03
  -1.1800122e+03
  -1.1715839e+03
  -1.1687640e+03
  -1.1961913e+03
  -1.2312229e+03
  -1.2503763e+03
  -1.2802917e+03
  -1.3125409e+03
  -1.3230519e+03
  -1.3080343e+03
  -1.2887509e+03
  -1.2691271e+03
  -1.2566962e+03
  -1.2564836e+03
  -1.2713877e+03
  -1.2956645e+03
  -1.3213057e+03
  -1.3510023e+03
  -1.3868182e+03
  -1.4197328e+03
  -1.4501380e+03
  -1.4912542e+03
  -1.5506307e+03
  -1.6233345e+03
  -1.6725005e+03
  -1.6750536e+03
  -1.6648588e+03
  -1.6648317e+03
  -1.6737003e+03
  -1.6937204e+03
  -1.7187045e+03
  -1.7588779e+03
  -1.7906978e+03
  -1.7772628e+03
  -1.8348973e+03
  -1.9315812e+03
  -1.9900490e+03
  -1.9670834e+03
  -2.0091404e+03
  -2.0425115e+03
  -2.0599315e+03
  -2.1101334e+03
  -2.1732859e+03
  -2.2275108e+03
  -2.2605889e+03
  -2.2797302e+03
  -2.2425017e+03
  -2.1979922e+03
  -2.1601311e+03
  -2.1165233e+03
  -2.0666814e+03
  -1.9466313e+03
  -1.6850608e+03
  -1.4374103e+03
  -1.2365401e+03
  -1.0948735e+03
  -1.0293330e+03
  -1.0088459e+03
  -1.0277346e+03
  -9.3067324e+02
  -7.0530068e+02
  -3.2162079e+02
  -3.6720217e+00
   2.1318218e+02
   3.0001917e+02
   2.6765540e+02
   1.9659449e+02
   1.1979542e+02
   5.7188874e+01
   6.7295469e+01
  -7.6081523e+00
  -1.8715104e+02
  -5.1315862e+02
  -8.0438127e+02
  -9.0897515e+02
  -9.2608268e+02
  -9.5416316e+02
  -1.0123872e+03
  -1.0751246e+03
  -1.0917933e+03
  -1.0752947e+03
  -1.0296716e+03
  -9.8716673e+02
  -9.7218624e+02
  -9.6938259e+02
  -9.7130002e+02
  -9.7513070e+02
  -9.9362894e+02
  -1.0540681e+03
  -1.0957844e+03
  -1.0521402e+03
  -9.6505359e+02
  -9.1231678e+02
  -8.8864636e+02
  -8.7599328e+02
  -8.8448538e+02
  -9.1589938e+02
  -9.4849345e+02
  -9.8821460e+02
  -1.0091209e+03
  -1.0087563e+03
  -9.7829524e+02
  -9.0116872e+02
  -7.7124061e+02
  -6.4564685e+02
  -5.2496401e+02
  -4.2349725e+02
  -3.4697561e+02
  -2.9609996e+02
  -2.5894997e+02
  -2.4320118e+02
  -2.5654330e+02
  -2.9413063e+02
  -3.3330971e+02
  -3.5023422e+02
  -3.3813821e+02
  -3.5048765e+02
  -4.5604090e+02
  -5.4545196e+02
  -5.5332305e+02
  -5.0217547e+02
  -3.7937886e+02
  -1.0679531e+02
   1.2048225e+02
   1.7078524e+02
   1.1039532e+02
  -1.2657072e+00
  -2.2000320e+02
  -4.1982695e+02
  -5.7554077e+02
  -6.4840417e+02
  -6.2581312e+02
  -5.3070055e+02
  -3.8267687e+02
  -1.1943256e+02
   1.6475474e+02
   4.7595594e+02
   7.9111081e+02
   9.9755912e+02
   1.1610604e+03
   1.2682072e+03
   1.2516967e+03
   1.1816427e+03
   1.1951126e+03
   1.2582618e+03
   1.3017217e+03
   1.2952889e+03
   1.2982593e+03
   1.3491175e+03
   1.4179686e+03
   1.4844580e+03
   1.5826098e+03
   1.6284947e+03
   1.5260317e+03
   1.4010726e+03
   1.3861799e+03
   1.4481088e+03
   1.5226102e+03
   1.6108058e+03
   1.6821063e+03
   1.6944764e+03
   1.6632573e+03
   1.6229183e+03
   1.5691777e+03
   1.5014686e+03
   1.3746279e+03
   1.2578956e+03
   1.2459982e+03
   1.3276144e+03
   1.4220364e+03
   1.5123798e+03
   1.5891118e+03
   1.6507996e+03
   1.7029566e+03
   1.7011277e+03
   1.6208473e+03
   1.5211896e+03
   1.4041615e+03
   1.2812144e+03
   1.1873834e+03
   1.1096387e+03
   1.0095318e+03
   8.2818938e+02
   6.4868931e+02
   5.0061986e+02
   3.4734373e+02
   2.5298816e+02
   2.4232152e+02
   2.4810767e+02
   1.7162894e+02
   6.7406240e+01
   1.0266833e+01
  -1.2474311e+01
  -3.0476606e+01
  -5.6631382e+01
  -8.7022829e+01
  -1.4289693e+02
  -2.3592594e+02
  -3.0931018e+02
  -3.5117652e+02
  -3.6228925e+02
  -3.4125195e+02
  -2.9973101e+02
  -2.8730754e+02
  -3.0933759e+02
  -3.3272525e+02
  -3.4449056e+02
  -3.5074628e+02
  -3.4878552e+02
  -3.3133529e+02
  -3.1193205e+02
  -2.9019051e+02
  -2.7408653e+02
  -2.7621420e+02
  -2.9269610e+02
  -2.9988084e+02
  -2.9328808e+02
  -2.8965106e+02
  -3.0978465e+02
  -3.2979507e+02
  -3.2363543e+02
  -2.8972163e+02
  -2.6448978e+02
  -2.8472062e+02
  -2.9350642e+02
  -2.2190753e+02
  -1.1877633e+02
   1.5128500e+01
   1.4522141e+02
   2.5815567e+02
   3.9602790e+02
   4.8394718e+02
   4.3438464e+02
   2.4820689e+02
   1.0802563e+02
   2.1107260e+02
   3.6125966e+02
   4.3150891e+02
   4.2598522e+02
   4.3081506e+02
   4.7991585e+02
   4.9997105e+02
   4.1024621e+02
   2.9078685e+02
   1.6576718e+02
   7.7910166e+01
   1.5440330e+01
   1.4662987e+01
   3.8367997e+01
   4.5229268e+01
   4.2508761e+01
   2.9929064e+01
   1.4464052e+01
   3.1846144e+00
  -1.3748264e+01
  -3.0017972e+01
  -5.4592192e+01
  -7.6690573e+01
  -9.3224861e+01
  -1.0920920e+02
  -1.1658349e+02
  -1.1466239e+02
  -1.0190884e+02
  -7.9872982e+01
  -4.6909522e+01
  -1.4992302e+01
   2.5514206e+01
   5.9325585e+01
   9.8850411e+01
   1.3476439e+02
   1.6620657e+02
   1.9650358e+02
   2.1823550e+02
   2.4231915e+02
   2.5579356e+02
   2.6362333e+02
   2.7483402e+02
   2.8776450e+02
   2.9456474e+02
   2.9717077e+02
   2.9230333e+02
   2.8182748e+02
   2.6826520e+02
   2.4310039e+02
   2.1408317e+02
   1.5212887e+02
   9.5792878e+01
   7.6499885e+00
  -1.5578247e+02
  -3.1154599e+02
  -5.2573134e+02
  -7.0587518e+02
  -8.3115294e+02
  -8.0025295e+02
  -7.2103108e+02
  -6.4574236e+02
  -5.8848942e+02
  -5.1607179e+02
  -4.5645547e+02
  -4.0202286e+02
  -3.4536895e+02
  -3.0240936e+02
  -2.4771759e+02
  -2.0596762e+02
  -1.5940163e+02
  -1.1429937e+02
  -7.9826003e+01
  -4.5060831e+01
  -2.1202371e+01
   1.0635745e+01
   4.0288694e+01
   6.3238830e+01
   7.9251494e+01
   8.5734810e+01
   9.5419763e+01
   1.0728486e+02
   1.2260317e+02
   1.3691383e+02
   1.4758344e+02
   1.5738668e+02
   1.6250845e+02
   1.5721191e+02
   1.2148134e+02
   1.1696029e+02
   2.5380776e+02
   4.0343239e+02
   4.7604802e+02
   4.4663710e+02
   4.1973333e+02
   4.2478138e+02
   4.2678959e+02
   4.1463970e+02
   4.0316878e+02
   3.8436198e+02
   3.6049917e+02
   3.4569290e+02
   3.2472770e+02
   3.0962276e+02
   2.8436825e+02
   2.6493166e+02
   2.4706929e+02
   2.2883593e+02
   2.1601474e+02
   2.1504464e+02
   2.2842970e+02
   2.4672950e+02
   2.6725438e+02
   2.8683307e+02
   3.0684580e+02
   3.1976779e+02
   3.2700742e+02
   3.2736447e+02
   3.1555127e+02
   2.7654154e+02
   2.3132978e+02
   1.4582796e+02
   5.5977789e+01
  -3.8590491e+01
  -1.2432619e+02
  -1.6587868e+02
  -1.3243705e+02
  -5.6071361e+01
   5.8836614e+00
   2.3480238e+01
   2.8445550e+01
   2.8711765e+01
   2.2852650e+01
   1.8114190e+01
   1.5029072e+01
   1.1176062e+01
   1.0918991e+01
   1.7963814e+01
   2.5390453e+01
   3.1455537e+01
   3.4392048e+01
   3.5602501e+01
   3.3535066e+01
   3.1285567e+01
   3.1675460e+01
   3.3842865e+01
   3.6393956e+01
   3.7420000e+01
   4.0723546e+01
   4.6355079e+01
   5.3544835e+01
   6.0359928e+01
   6.5842377e+01
   7.1802246e+01
   7.6607272e+01
   8.3096750e+01
   8.8930406e+01
   9.2604011e+01
   9.3883545e+01
   9.6027054e+01
   9.6883942e+01
   9.6711796e+01
   9.5945451e+01
   9.3846300e+01
   9.1540293e+01
   8.6857073e+01
   8.4059986e+01
   7.9500804e+01
   7.6108562e+01
   7.4214672e+01
   7.0866428e+01
   6.8516612e+01
   6.4349722e+01
   6.0109570e+01
   5.5810585e+01
   5.1543521e+01
   4.9142845e+01
   4.5908619e+01
   4.3256308e+01
   3.9051555e+01
   3.6007226e+01
   3.2955553e+01
   3.0028170e+01
   2.6867275e+01
   2.3666455e+01
   2.3038911e+01
   2.4888618e+01
   2.7817126e+01
   3.0813242e+01
   3.1622349e+01
   3.0225676e+01
   3.1492544e+01
   3.3981798e+01
   3.7774053e+01
   4.0558482e+01
   4.2998876e+01
   4.7814389e+01
   5.4422480e+01
   6.3584371e+01
   7.0823390e+01
   7.7880722e+01
   8.6816657e+01
   9.3870436e+01
   1.0290700e+02
   1.1408084e+02
   1.2457264e+02
   1.3604847e+02
   1.4759380e+02
   1.6079678e+02
   1.7398776e+02
   1.8617048e+02
   1.9830615e+02
   2.0992800e+02
   2.2037079e+02
   2.2852143e+02
   2.3228875e+02
   2.3284642e+02
   2.3108113e+02
   2.2539272e+02
   2.1894456e+02
   2.0948308e+02
   1.9855345e+02
   1.9122183e+02
   1.7829603e+02
   1.7230886e+02
   1.8106926e+02
   2.0191564e+02
   2.1655330e+02
   2.3521658e+02
   2.4993121e+02
   2.6266673e+02
   2.7376965e+02
   2.8001723e+02
   2.8455726e+02
   2.8612340e+02
   2.8474608e+02
   2.8145085e+02
   2.7789521e+02
   2.7158432e+02
   2.6839503e+02
   2.6407164e+02
   2.6071011e+02
   2.5757455e+02
   2.5620611e+02
   2.5400002e+02
   2.5289071e+02
   2.5270042e+02
   2.5390965e+02
   2.5693658e+02
   2.6043887e+02
   2.6640118e+02
   2.7310524e+02
   2.8496202e+02
   2.9796885e+02
   3.1606573e+02
   3.4072526e+02
   3.6143866e+02
   3.9023297e+02
   4.0938858e+02
   4.3305885e+02
   4.5579808e+02
   4.6912877e+02
   4.7642541e+02
   4.7482552e+02
   4.5557190e+02
   4.3158227e+02
   4.0188560e+02
   3.7423786e+02
   3.4854683e+02
   3.1201074e+02
   3.2076955e+02
   4.1956511e+02
   5.4945691e+02
   6.8621500e+02
   8.5286891e+02
   9.3406198e+02
   8.7204000e+02
   7.8899060e+02
   7.8335414e+02
   8.0308942e+02
   8.2665896e+02
   8.4647259e+02
   8.6056068e+02
   8.6725992e+02
   8.7046663e+02
   8.7689023e+02
   8.7709465e+02
   8.7321621e+02
   8.6669082e+02
   8.5921236e+02
   8.4644155e+02
   8.3071017e+02
   8.1626692e+02
   8.0648377e+02
   7.9849421e+02
   7.9009328e+02
   7.8100356e+02
   7.7200584e+02
   7.6111669e+02
   7.5048302e+02
   7.4162495e+02
   7.3203984e+02
   7.1954352e+02
   7.1179638e+02
   7.0845245e+02
   7.0610205e+02
   7.0393456e+02
   7.0082598e+02
   6.9955779e+02
   6.9769082e+02
   6.9839776e+02
   6.9886272e+02
   7.0057607e+02
   7.0048316e+02
   6.9511047e+02
   6.9028237e+02
   6.8750620e+02
   6.8843346e+02
   6.8972991e+02
   6.8953609e+02
   6.8789900e+02
   6.8368932e+02
